

snap(0,0,40)


sky(70,182,236)
fog(252,227,56) 
ground(121,61,0)
\\ground(77,85,100)

fadefrom(7000)

name(Crash & Burn)

nlaps(15)

set(10,0,0,0)p
set(10,0,4500,0)p
set(14,0,8500,-90)pt
chk(40,-375,8000,45)
set(10,-4000,8500,90)p
set(10,-8500,8500,90)p
set(10,-13000,8500,90)p
set(14,-17000,8500,0)pt
chk(40,-16625,8225,-45)
set(10,-17000,4500,180)p
set(10,-17000,0,180)p
set(10,-17000,-4500,180)p
set(14,-17000,-8500,90)pt
chk(40,-16625,-8225,45)
set(10,-13000,-8500,-90)p
set(10,-8500,-8500,-90)p
set(10,-4000,-8500,-90)p
set(14,0,-8500,180)pt
chk(40,-400,-8000,-45)
set(10,0,-4500,0)p

set(26,-1400,0,90)pr
set(23,-1400,0,-90)
set(26,-8500,7100,180)pr
set(23,-8500,7100,0)
set(26,-15600,0,-90)pr
set(23,-15600,0,90)
set(26,-8500,-7100,0)pr
set(23,-8500,-7100,180)


set(34,-3500,-4500,45)pr
set(34,-13500,-4500,-45)pr
fix(41,-8500,0,-3500,45)s
set(34,-13500,4500,45)pr
set(34,-3500,4500,-45)pr


set(36,-7300,0,90)
set(36,-8500,1200,180)
set(36,-9700,0,-90)
set(36,-8500,-1200,0)


set(37,2000,150,90)
set(37,2000,-150,90)
set(37,-8650,10500,0)
set(37,-8350,10500,0)
set(37,-19000,-150,90)
set(37,-19000,150,90)
set(37,-8650,-10500,0)
set(37,-8350,-10500,0)

set(38,0,4500,0)
set(38,0,-4500,0)
set(38,-13000,-8500,90)
set(38,-4000,-8500,90)
set(38,-13000,8500,90)
set(38,-4000,8500,90)
set(38,-17000,4500,0)
set(38,-17000,-4500,0)


set(33,-5000,0,0)
set(33,-12000,0,0)

set(33,-8500,-3500,90)
set(33,-8500,3500,90)

set(33,-5500,-2500,-45)
set(33,-5500,2500,45)

set(33,-11500,-2500,45)
set(33,-11500,2500,-45)

fix(41,-8500,0,-2000,45)s




maxr(10,4000,-12500)
maxb(10,-12500,-21000)
maxt(10,12500,-21000)
maxl(10,-21000,-12500)
