snap(0,0,0)

sky(30,5,80)
fog(140,0,0)
ground(225,216,186)


fadefrom(8000)

name(Scorpion Venom)

nlaps(3)

set(10,0,0,0)p
set(10,0,5600,0)
chk(40,0,8400,0)
set(11,0,11200,180)p
set(14,0,15700,0)pt
set(10,4000,15700,90)p
chk(40,3600,15700,90)
set(10,8000,15700,90)
set(10,13000,15700,90)


set(38,7200,15700,90)
set(38,7400,15700,90)
set(38,7600,15700,90)
set(38,7800,15700,90)
set(38,8000,15700,90)
set(38,8200,15700,90)
set(38,8400,15700,90)
set(38,8600,15700,90)
set(38,8800,15700,90)
set(38,9000,15700,90)
set(38,9200,15700,90)
set(38,9400,15700,90)
set(38,9600,15700,90)
set(38,9800,15700,90)
set(38,10000,15700,90)
set(38,10200,15700,90)
set(38,10400,15700,90)
set(38,10600,15700,90)
set(38,10800,15700,90)
set(38,11000,15700,90)
chk(40,14000,15700,90)

set(14,17100,15700,-90)pt
set(10,17100,11750,0)p
set(10,17100,10150,0)p
chk(40,17100,7000,0)
set(10,17100,4550,0)p
set(14,17100,0,180)pt

set(10,13000,0,90)p
chk(40,16000,0,90)
set(36,12750,-1700,180)
set(36,14500,-1700,180)ph
set(36,11300,-1700,180)

set(14,8500,0,90)pt
set(10,8500,4550,0)p
set(10,8500,10150,0)p
chk(40,8500,9000,0)
set(23,8500,12000,180)
set(26,8500,13000,0)pr
set(10,8500,23000,0)p
set(30,8500,22500,180)p
set(23,8500,21000,0)
set(10,8500,28000,0)p
set(20,8500,32500,180)p
chk(40,8500,32500,0)
set(16,8500,37000,0)p

set(17,8500,41500,0)pt
set(15,12500,41500,90)p
set(15,15750,41500,90)p
set(33,14000,41500,90)
set(7,16750,41225,180)
set(7,16750,41775,0)
chk(42,16750,41500,90)
set(33,19500,41500,90)
set(15,21350,41500,90)p
set(17,25900,41500,-90)pt
set(15,25900,37000,0)p
chk(42,25900,38000,0)
set(17,25900,32500,180)pt
set(15,21500,32500,90)p
set(15,17000,32500,90)p
set(34,14000,32500,90)pr
set(37,8000,32500,90)
fix(41,8500,32500,-2350,90)
set(37,9000,32500,90)
set(34,3000,32500,90)
set(24,1750,32500,-90)
set(20,-1000,32500,90)p
set(10,-6600,32500,90)p
chk(40,-6500,32500,90)

set(14,-11000,32500,0)pt
set(10,-11000,28500,0)p
set(27,-11000,26536,180)pr
set(10,-11000,22500,180)p
set(10,-11000,19000,0)p
set(10,-11000,16500,0)p
set(10,-10000,11000,50)p
chk(40,-10000,11000,50)

set(28,-11000,5600,0)p
set(10,-11000,5600,0)p
set(10,-11000,0,0)p
chk(40,-11000,-3000,0)
set(14,-11000,-4550,90)pt
set(10,-6500,-4550,90)p
set(10,-4550,-4550,90)p
set(14,0,-4550,180)pt


maxr(11,28500,-5600)
maxb(9,-8000,-12300)
maxl(11,-14700,-5600)
maxt(9,44800,-12300)

