
snap(-30,-20,-30)

sky(39,40,97)
fog(23,64,56)
ground(12,12,12)


fadefrom(4000)

name(I've got Petrol in my Veins)

nlaps(2)

set(10,0,0,0)p
set(10,0,5500,0)p

chk(40,0,8500,0)
set(14,0,10000,0)pt
set(10,4500,10000,90)p


chk(40,6500,10000,90)
set(14,9000,10000,180)pt
set(14,9000,13000,-90)pt
chk(40,6500,13000,90)
set(10,4750,13000,-90)p
set(29,4000,13000,-90)pr
set(10,-4000,13000,-90)p
set(10,0,13000,90)p
set(14,-8000,13000,90)pt
set(10,-8000,17000,0)p
chk(40,-8000,17000,0)
set(10,-8000,22000,0)p
set(26,-8000,20000,360)pr
set(10,-8000,27000,0)p
set(10,-8000,32000,0)p
set(30,-8000,30000,180)
set(10,-8000,34000,0)p
set(14,-8000,38500,-90)pt

set(27,-10500,38500,90)pr
set(11,-12000,38500,90)p
set(11,-16500,38500,90)p
chk(40,-19000,38500,90)
set(10,-21500,38500,90)p
chk(40,-29000,38500,90)

set(10,-26500,38500,90)p
set(14,-31040,38500,0)pt
set(13,-29520,33930,210)p

set(10,-28000,28400,0)p
set(10,-28000,24000,0)p
set(10,-28000,19500,0)p

set(38,-28000,16000,0)
set(32,-28000,19000,180)pr
set(32,-27600,19000,180)pr
set(32,-28400,19000,180)pr
chk(40,-28000,18500,0)
set(32,-28400,18000,0)
set(32,-27600,18000,0)
set(32,-28000,18000,0)
set(38,-28000,21000,0)

set(10,-28000,14000,0)p
set(10,-28000,9000,0)p
set(10,-28000,7000,0)p
set(14,-28000,2500,90)pt
set(10,-23500,2500,90)p
set(10,-19500,2500,90)p
set(36,-16000,1500,180)
chk(40,-16000,2500,90)
set(36,-16000,3500,0)ph
set(10,-14500,2500,90)p
set(10,-9000,2500,90)p
set(10,-5000,2500,90)p
set(26,-4000,2500,-90)pr
set(23,-3500,2500,90)

set(23,3500,2500,-90)
set(10,5000,2500,90)p
set(14,9000,2500,-90)pt
chk(40,9000,1250,0)
set(10,9000,-2000,0)p
set(10,9000,-7000,0)p
set(14,9000,-11000,180)p
set(10,4500,-11000,90)p
set(10,0,-11000,90)p
set(10,-7500,-11000,90)p
chk(40,-1000,-11000,90)
set(31,-4500,-11000,90)pr
set(11,-9250,-11000,90)
fix(41,-11000,-11000,-4000,10926959)
set(11,-14750,-11000,90)
set(11,-20250,-11000,90)
set(30,-23500,-11000,-90)
set(10,-27000,-11000,90)
chk(40,-30000,-11000,90)
set(10,-30800,-11000,90)
set(10,-34500,-11000,90)p
set(14,-38500,-11000,90)p

set(10,-38500,-7000,0)p
set(20,-38500,-2150,180)p
set(15,-38500,3000,0)p
set(33,-38500,7500,0)
set(33,-37750,8500,90)
set(6,-38300,8500,180)
set(2,-38500,8500,180)
chk(42,-38500,8500,0)
set(6,-38700,8500,180)
set(33,-39250,8500,90)
set(33,-38500,9500,0)
set(16,-38500,8500,0)p
set(15,-38500,14000,0)p
set(17,-38500,18500,0)pt
set(15,-34000,18500,90)p
set(34,-32000,18500,90)pr
set(24,-31300,18500,-90)
set(24,-25000,18500,90)
set(34,-24100,18500,90)
set(15,-22500,18500,90)p
set(20,-17200,18500,-90)p
chk(40,-14500,18500,90)
set(14,-13000,18500,-90)pt
set(12,-14500,13930,150)p
set(10,-16000,8300,180)p
set(26,-16000,7400,180)pr
set(23,-16000,6800,0)

set(23,-16000,-1800,180)
set(10,-16000,-3500,180)p
set(14,-16000,-8000,90)pt
set(10,-11500,-8000,90)p
chk(40,-8000,-8000,90)
set(10,-8000,-8000,90)p
set(10,-4000,-8000,90)p
set(14,0,-8000,180)p
set(10,0,-4000,0)p



set(31,8000,32000,0)
fix(41,8000,40000,-4000,0)







set(37,-14000,-10800,90)
set(37,-15000,-11200,90)
set(37,-16000,-10800,90)
set(37,-17000,-11200,90)
set(37,-18000,-10800,90)
set(37,-19000,-11200,90)
set(37,-20000,-10800,90)
set(37,-21000,-11200,90)





maxr(11,10000,-10000)
maxb(11,-12400,-37600)
maxt(11,40400,-37600)
maxl(11,-40000,-10000)

