snap(10,5,0)

fog(245,240,210)
sky(180,190,230) 
ground(215,180,50)
fadefrom(6000)

name(Sword of Judgement)
nlaps(1)
set(23,0,-2000,0)
set(10,0,0,0)p
set(14,0,4000,-90)pt
chk(40,-2000,4000,90)
set(10,-4500,4000,90)p
set(32,-6000,3500,90)
set(32,-6500,4000,90)
set(32,-7000,4500,90)
set(10,-10100,4000,90)p
set(32,-11500,3500,90)
set(32,-12000,4000,90)
set(32,-12500,4500,90)
set(10,-14200,4000,90)
set(14,-18600,4000,90)pt
chk(40,-18600,5750,0)
set(14,-18600,7500,0)pt
set(13,-14020,9020,-60)p
set(33,-14020,9020,-60)
set(10,-8420,10540,90)p
set(33,-8420,10540,90)
chk(40,-6500,10540,90)
set(14,-4500,10540,180)pt
set(10,-4500,14900,0)p
set(14,-4500,19000,0)pt
chk(40,-3000,19000,90)
set(14,-1500,19000,-90)pt
set(10,-1500,14900,0)p
set(14,-1500,10540,90)pt
chk(40,500,10540,90)
set(10,2420,10540,90)p
set(33,2420,10540,90)
set(12,8020,9020,60)p
set(33,8020,9020,60)
set(14,12600,7500,-90)pt
chk(40,12600,5750,0)
set(14,12600,4000,180)pt
set(10,8500,4000,90)p
set(28,8500,4000,90)p
set(14,4400,4000,0)pt
set(37,-2500,-9100,90)
set(37,-3500,-9100,90)
set(37,-3000,-12500,0)
set(10,4400,-500,0)p
set(10,4400,-3000,0)p
chk(40,4400,-1300,0)
set(14,4400,-7000,180)pt
set(10,-150,-7000,90)p
set(26,500,-7000,90)pr
set(22,-2500,-7000,90)
fix(41,-3000,-7000,-1500,24)s
set(30,-5850,-7000,-90)
set(10,-5850,-7000,90)p
set(14,-10400,-7000,0)pt
set(10,-10400,-11500,0)p
chk(40,-10400,-15000,0)
set(10,-10400,-17100,0)p
set(10,-10400,-22700,0)p
set(36,-8600,-30300,-90)
set(36,-8600,-28500,-90)
set(36,-8600,-27700,-90)
set(36,-8600,-25900,-90)
set(36,-8600,-24100,-90)ph
set(36,-8600,-22300,-90)
set(36,-8600,-20500,-90)
set(36,-8600,-18700,-90)
set(36,-8600,-16900,-90)
set(10,-10400,-28100,0)p
set(10,-10400,-32500,0)p
set(14,-10400,-37000,90)pt
set(12,-5840,-38500,60)p
chk(40,-3000,-40000,90)
set(13,-140,-38500,-60)p
set(14,4400,-37000,180)pt
set(10,4400,-32500,0)p
set(10,4400,-26900,0)p
set(36,2600,-30300,90)
set(36,2600,-28500,90)
set(36,2600,-27700,90)
set(36,2600,-25900,90)
set(36,2600,-24100,90)ph
set(36,2600,-22300,90)
set(36,2600,-20500,90)
set(36,2600,-18700,90)
set(36,2600,-16900,90)
set(10,4400,-21300,0)p
set(10,4400,-15700,0)p
chk(40,4400,-15000,0)
set(14,4400,-11200,-90)pt
set(10,-100,-11200,90)p
set(10,-2500,-11200,90)p
chk(40,-7000,-10000,0)
set(14,-7000,-11200,90)pt
set(32,-7200,-9700,0)pr
set(32,-6800,-9700,0)
set(14,-7000,-3500,-90)pt
set(14,-10400,-3500,90)pt
set(22,-10400,-1400,0)
set(22,-10400,-600,0)
set(14,-10400,1500,0)pt
set(11,-6700,1500,90)
chk(40,-6700,1500,90)
set(14,-3000,1500,-90)pt
set(10,-3000,-2500,0)p
set(27,-3000,-4500,180)pr
set(26,-3000,-15500,180)pr
set(10,-3000,-16000,0)p
set(10,-3000,-21600,0)p
set(10,-3000,-27200,0)p
set(38,-3000,-32000,0)
set(38,-3000,-30000,0)
set(38,-3000,-20000,0)
set(38,-3000,-22000,0)
set(38,-3000,-24000,0)
set(38,-3000,-26000,0)
set(38,-3000,-28000,0)
set(10,-3000,-32800,0)p
chk(40,-3000,-34000,0)
set(23,-3000,-34800,0)

