
name(The Crazy Maze)

snap(-30,-45,10)

sky(182,201,215)
fog(175,169,190)
ground(169,162,179)
polys(194,186,204)

fadefrom(7000)
density(8)
lightson()

nlaps(2)

chk(40,0,10000,0)
chk(40,7000,21350,-90)
chk(40,8500,12250,-90)
chk(40,-13500,12250,-90)
chk(40,-14700,-4500,0)
chk(40,0,-3000,0)
chk(40,-4600,7000,0)
chk(40,-8100,0,0)
chk(40,-40000,-7000,0)
chk(40,-15000,-19150,-90)
chk(40,-8500,-33850,-90)
chk(40,-3950,-29300,0)
chk(40,-8500,-24750,-90)
chk(40,-26600,-24760,90)
chk(40,-2900,-17000,0)
chk(40,700,3000,90)
chk(40,15097,3000,90)
chk(40,19250,-11750,0)
chk(40,6100,-17300,-90)
chk(40,-3100,-20800,-90)

set(36,-1900,6000,90)ph
set(36,1900,6000,-90)ph
set(36,16600,17800,-90)

set(26,0,14350,0)pr
set(26,2850,12250,90)pr
set(26,-14700,5000,-180)pr


set(10,0,0,0)
set(10,0,5600,0)
set(10,0,11200,0)
set(10,0,16800,0)
set(14,0,21350,0)pt
set(10,4550,21350,-90)
set(10,10150,21350,-90)
set(14,14700,21350,-90)pt
set(10,14700,16800,0)
set(14,14700,12250,-180)pt
set(10,10150,12250,-90)
set(10,4550,12250,-90)
set(10,-4550,12250,-90)
set(10,-10150,12250,-90)
set(14,-14700,12250,0)pt
set(10,-14700,7700,0)
set(10,-14700,2100,0)
set(10,-14700,-3500,0)
set(14,-14700,-8050,90)pt
set(10,-10150,-8050,-90)p
set(10,-4550,-8050,-90)p
set(14,0,-8050,180)pt
set(10,0,-3500,0)p
set(10,-14700,14200,0)p
set(11,-14700,19800,0)p
set(14,-14700,24350,0)pt
set(11,-10150,24350,-90)p
set(11,-4550,24350,-90)p
set(28,-4000,24350,-90)p
fix(41,-2000,24350,-500,-90,50)s
set(10,1600,24350,-90)p
set(14,6150,24350,180)
set(14,6150,27850,-90)
set(14,2650,27850,0)
set(13,-2400,1000,45)p
set(20,-4600,5900,-180)p
set(17,-4600,10250,-90)p
set(17,-8100,10250,0)p
set(15,-8100,5700,0)p
set(15,-8100,100,0)p
set(17,-8100,-4450,-180)p
set(24,-12650,-4450,-90)p
set(34,-11650,-4450,-90)p
set(16,-18650,-4450,-90)p
set(15,-24250,-4450,-90)p
set(20,-29850,-4450,90)p
set(10,-35450,-4450,90)p
set(14,-40000,-4450,0)pt
set(10,-40000,-9000,0)p
set(26,-40000,-10000,-180)pr
set(10,-40000,-14600,0)p
set(14,-40000,-19150,90)pt
set(10,-35450,-19150,-90)p
set(10,-29850,-19150,-90)p
set(10,-24250,-19150,-90)p
set(10,-18650,-19150,-90)p
set(10,-13050,-19150,-90)p
set(10,-7450,-19150,-90)p
set(14,-2900,-19150,180)pt
set(10,-2900,-14600,0)p
set(10,-2900,-11500,0)p
set(31,-34000,-19150,-90)p
set(26,-2900,-16000,0)pr
set(10,-23000,-16000,0)p
set(10,-23000,-10400,0)p
set(26,-23000,-9400,0)pr
fix(41,-23000,-6400,-700,0,50)s
set(36,-21000,-12000,-90)p
set(36,-21000,-10200,-90)p

set(14,-13050,-19150,-90)pt
set(10,-13050,-23700,0)p
set(10,-13050,-29300,0)p
set(14,-13050,-33850,90)pt
set(10,-8500,-33850,-90)p
set(14,-3950,-33850,-180)pt
set(10,-3950,-29300,0)p
set(14,-3950,-24750,-90)pt
set(10,-8500,-24750,-90)p
set(26,-10000,-24750,90)pr
set(10,-17000,-24760,-90)p
set(31,-18000,-24760,90)p
set(10,-21600,-24760,90)p
set(10,-27200,-24760,90)p
set(10,-32800,-24760,90)p
set(14,-37350,-24760,90)pt
set(10,-37350,-20210,0)p
set(36,-37350,-17210,0)p

set(11,3500,3000,90)
set(32,5500,2700,-90)
set(32,5500,3000,-90)pr
set(32,5500,3300,-90)
set(11,9100,3000,-90)
set(38,11200,3000,90)
set(37,11209,2850,90)
set(37,11209,3150,90)
set(10,14700,3000,-90)
set(14,19250,3000,-90)
set(10,19250,-1550,0)
set(31,19250,-2000,-180)
set(10,19250,-7150,0)
set(10,19250,-12750,0)p
set(14,19250,-17300,180)
set(10,14700,-17300,-90)p
set(10,9100,-17300,-90)p
set(10,5500,-17300,-90)p
set(14,950,-17300,0)
set(14,950,-20800,180)
set(10,-3600,-20800,-90)p
set(14,-8150,-20800,90)

maxl(18,-42900,-40000)
maxb(18,-40900,-40000)
maxt(18,35900,-42000)
maxr(18,28900,-42000)
