snap(0,-14,-19)

sky(240,255,191)
fog(223,202,167)
ground(191,143,143)
polys(204,180,153)

fadefrom(5000)
density(5)

name(Waste Storage Area)
nlaps(2)
soundtrack(angry_heart ed.mod,274,126)

set(48,0,0,0)p
set(15,0,5600,0)
set(34,0,10000,0)pr
set(15,0,11200,0)
set(15,0,16800,0)
set(15,0,22400,0)
set(15,0,28000,0)p
chk(42,0,30000,0)
set(17,0,32550,-90)pt
set(15,-4550,32550,-90)
set(15,-10150,32550,-90)p
set(15,-15750,32550,-90)
chk(42,-18000,32550,90)
set(17,-20200,32550,90)pt
set(15,-20200,37000,0)
set(17,-20200,41450,-90)pt
chk(42,-21925,41450,90)
set(17,-23650,41450,0)pt
set(15,-23650,37000,0)
set(33,-23650,34200,0)pr
set(15,-23650,31400,0)
set(17,-23650,26850,180)pt
chk(42,-25375,26850,90)
set(17,-27150,26850,90)pt
set(15,-27150,31400,180)
set(33,-27150,34200,0)pr
set(15,-27150,37000,180)
set(17,-27150,41550,-90)pt
chk(42,-28875,41450,90)
set(17,-30650,41550,0)pt
set(15,-30650,37000,0)
set(33,-30650,34200,0)pr
set(15,-30650,31400,0)
set(17,-30650,26850,180)pt
chk(42,-32375,26850,90)
set(17,-34150,26850,90)pt
set(15,-34150,31400,180)
set(17,-34150,35950,-90)pt
set(15,-38700,35950,-90)p
chk(42,-36000,35950,-90)
set(16,-44300,35950,-90)p
set(15,-49900,35950,-90)p
set(17,-54350,35950,0)pt
set(15,-54350,31500,180)
chk(42,-54350,34000,0)
set(44,-54350,25900,0)p
set(43,-54350,20300,180)p
set(34,-54350,24800,180)pr
fix(41,-54350,21000,-2500,0)s
set(44,-54350,14700,180)
set(21,-54350,9100,180)
set(18,-54350,3500,180)
set(18,-54350,-2100,180)
chk(40,-54350,-4000,0)
set(19,-54350,-6550,90)pt
set(18,-49800,-6550,90)p
set(18,-44200,-6550,90)

//Ramps - Step: 1960
set(36,-41820,-8360,180)
set(36,-41820,-4740,0)
set(36,-43780,-8360,180)
set(36,-43780,-4740,0)
set(36,-45740,-8360,180)
set(36,-45740,-4740,0)
set(36,-47700,-8360,180)
set(36,-47700,-4740,0)
set(36,-49660,-8360,180)
set(36,-49660,-4740,0)
set(36,-51620,-8360,180)
set(36,-51620,-4740,0)
//

chk(40,-40840,-6550,-90)p
set(22,-40840,-6550,-90)
set(14,-38530,-6550,180)pt
set(10,-38530,-2100,0)
set(10,-38530,3500,0)p
chk(40,-38530,5800,0)
set(13,-40050,9130,30)p
set(14,-41570,13710,0)pt
chk(40,-39500,13710,-90)
set(10,-37020,13710,-90)
set(27,-36000,13710,-90)pr
set(37,-34500,13710,-90)
set(37,-33500,14010,-90)
set(37,-33500,13410,-90)
set(37,-32500,13710,-90)
set(37,-31500,14010,-90)
set(37,-31500,13410,-90)
set(37,-30500,13710,-90)
set(10,-31420,13710,-90)
set(10,-25820,13710,-90)
set(10,-24910,13710,-90)p
set(12,-19280,12190,60)p
set(14,-14700,10670,-90)pt
chk(40,-15100,10300,-135)
set(10,-14700,6120,0)p
set(10,-14700,5500,0)p
set(20,-14700,0,0)p
chk(42,-14700,-2000,0)
set(17,-14700,-4550,90)pt
set(15,-10150,-4550,-90)
set(33,-10150,-4550,-90)pr
set(15,-4550,-4550,-90)p
set(15,-4550,-4550,-90)
chk(42,-2000,-4550,-90)
set(17,0,-4550,180)pt

//Floating alternative road n_n
set(14,-5000,5550,-900,180)

set(26,-5000,9000,0)
set(26,-5000,9800,-200,0)
set(26,-5000,10600,-650,0)

set(10,-5000,10000,-900,0)
set(10,-5000,15600,-900,0)
set(10,-5000,21200,-900,0)
set(10,-5000,26800,-900,0)
set(14,-5000,31250,-900,-90)
set(10,-9450,31250,-900,90)
set(10,-11750,31250,-900,90)
set(10,-17350,31250,-900,90)
set(10,-22950,31250,-900,90)
set(10,-28550,31250,-900,90)
set(10,-34150,31250,-900,90)
set(14,-38600,31250,-900,0)
set(10,-38600,26800,-900,180)
set(10,-38600,21200,-900,180)
set(10,-38600,15600,-900,180)
set(10,-38600,10000,-900,180)
set(14,-38600,5550,-900,90)
set(10,-34150,5550,-900,-90)
set(10,-28550,5550,-900,-90)
set(10,-22950,5550,-900,-90)
set(10,-17350,5550,-900,-90)
set(10,-11750,5550,-900,-90)
set(10,-9450,5550,-900,-90)
//

maxl(13,-60852,-11704)
maxb(14,-14104,-58452)
maxr(13,6349,-11704)
maxt(14,48297,-58452)
