snap(-14,-4,-2)
sky(206,206,206)
fog(224,206,255)
ground(127,143,129)
polys(132,153,142)
fadefrom(5000)
density(5)
name(When the Police Strikes)
nlaps(3)

set(48,0,0,0)p
set(15,0,5600,0)p
set(15,0,11200,0)
set(15,0,16800,0)
set(34,0,14825,180)pr
set(15,0,22400,0)p
set(15,0,28000,0)
set(15,0,33600,0)
chk(42,0,35250,0)r
set(17,0,38150,0)pt
set(15,4550,38150,-90)
set(20,10150,38150,-90)
set(33,6918,38150,-90)pr
set(10,15750,38150,90)
chk(40,16944,38150,90)r
set(12,21380,36630,-120)p
set(14,25960,35110,-90)pt
set(10,25960,30560,0)
chk(40,25960,32714,0)r
set(10,25960,24960,0)
set(23,25960,22160,0)
chk(40,25960,22550,0)r
set(26,25960,21950,180)pr
set(24,25960,13401,0)p
set(44,25960,10601,0)p
set(43,25960,5001,180)
set(43,25960,-599,0)
set(44,25960,-6199,180)
set(16,25960,-11799,0)p
set(17,25960,-16349,180)
chk(42,24210,-16349,90)r
set(17,22460,-16349,90)pt
set(16,22460,-11799,180)p
set(44,22460,-6199,180)
set(35,23066,-6848,180)pr
set(44,22460,-599,0)
set(35,21977,-3680,180)pr
set(17,22460,3951,-90)
set(34,25960,4164,0)pr
set(15,17910,3951,-90)
chk(42,19898,3951,90)r
set(17,13360,3951,0)pt
set(20,13360,-599,180)
set(32,13010,-2358,180)pr
set(10,13360,-6199,0)
set(14,13360,-10749,90)
chk(40,15110,-10749,90)r
set(14,16860,-10749,180)
set(10,16840,-6199,180)
set(20,16840,-2512,180)
set(32,13710,-4173,180)
set(30,16840,-5690,0)pl
set(24,16840,288,0)
set(33,16840,716,0)pr
set(14,8160,-1040,180)pt
set(22,5850,-1040,-90)
set(22,4730,-1040,90)
set(23,4892,-1040,-90)
set(26,4292,-1040,90)pr
set(22,8130,670,0)p
set(10,8130,4030,180)p
set(14,8130,8580,0)pt
set(14,11630,8580,180)pt
set(13,10110,13160,30)p
set(14,8590,17740,-90)pt
set(23,6840,17740,-90)p
set(21,16840,12855,0)
set(24,16840,10055,180)p
set(18,16840,18455,0)
set(36,15030,16635,90)
set(36,18650,18595,-90)
set(36,18650,16635,-90)ph
set(36,15030,18595,90)
set(18,16840,24055,0)
set(36,15030,24475,90)
set(36,15030,20555,90)
set(36,18650,22515,-90)
set(36,18650,20555,-90)
set(36,18650,24475,-90)
set(36,15030,22515,90)ph
set(19,16840,28605,-90)
chk(40,16840,26855,0)r
set(18,12290,28605,-90)p
set(21,6690,28605,-90)
set(24,3890,28605,90)
set(33,3575,28605,90)pr
set(23,-4062,28605,90)p
set(10,-6862,28605,90)p
set(10,-12462,28605,90)p
set(14,-17012,28605,0)pt
set(10,-17012,24055,0)
chk(40,-17012,25250,0)r
set(13,-15492,18425,30)
set(12,-18532,18425,-30)
set(27,-17012,22150,180)pr
set(20,-20052,12795,0)
fix(41,-20052,6275,-1000,0)
set(15,-20052,7195,180)
set(35,-20052,8650,180)pr
set(17,-20052,2645,90)pt
set(44,-15502,2645,90)p
set(44,-9902,2645,-90)
chk(42,-11900,2645,90)r
set(17,-5352,2645,180)pt
set(20,-5352,7195,0)
chk(40,-5352,7775,0)r
set(13,-6872,12825,210)
set(14,-8392,17405,0)
set(23,-6642,17405,90)
set(26,-5775,17405,-90)pr
chk(40,6840,17740,90)r
chk(40,11630,9875,0)r
chk(40,8130,710,0)r
set(10,-13972,12795,0)
set(23,-13972,9995,0)
set(30,-13975,10975,900)pl
set(10,-13190,-990,90)p
set(10,-7590,-990,90)p
set(38,-10390,-990,-90)
set(38,-12700,-990,-90)
set(23,-4790,-990,90)p
set(38,-7825,-990,-90)
set(14,-17740,-990,0)
chk(40,-17740,-2375,0)r
set(13,-16220,-5570,210)
set(38,-14700,-990,-90)
set(20,-14700,-11200,0)
chk(40,-14700,-8775,0)r
set(17,-14700,-15750,90)
set(15,-10150,-15750,90)
set(15,-4550,-15750,90)
chk(42,-2500,-15750,90)r
set(17,0,-15750,180)
set(15,0,-11200,180)
set(16,0,-5600,180)
chk(42,0,-2800,0)r

maxl(14,-28170,-20000)
maxb(13,-22400,-25770)
maxr(14,34231,-20000)
maxt(13,44800,-25770)
