snap(0,0,40)

sky(217,241,255)
fog(206,225,255) 
ground(205,207,226)
polys(225,227,246)

fadefrom(7000)
density(3)

name(The North Highway)
nlaps(1)

set(23,0,-2800,0)
set(47,0,0,0)p
set(10,0,5600,180)p
set(10,0,11200,0)p
set(10,0,16164,0)p
set(26,0,16164,0)pr
set(10,0,21128,0)p
set(10,0,26728,180)p
set(10,0,32328,0)p
set(10,0,37928,0)p
set(10,0,43528,0)
set(28,0,43528,0)pr
set(10,0,49128,0)p
set(10,0,54728,180)p
set(10,0,60328,180)p
set(10,0,65928,0)
chk(40,0,65928,0)
set(10,0,71528,0)p

set(10,0,77128,0)p
set(29,0,82092,0)pr
set(10,0,87056,0)p
set(10,0,92656,0)p
set(10,0,98256,0)p
set(26,0,98256,0)p
set(10,0,103856,0)p
set(10,0,109456,0)p
set(10,0,115056,0)
set(10,0,115056,0)pr
set(10,0,120656,0)p
set(20,0,126256,180)p
set(15,0,131856,0)p
set(15,0,137456,0)
chk(42,0,134656,0)

set(15,0,143056,0)p
set(33,0,143056,0)
set(15,0,148656,0)p
set(33,0,148656,0)
set(15,0,154256,0)p
set(33,0,154256,0)
set(24,0,157056,0)


set(23,-3040,161570,0)
set(23,3040,161570,0)

set(10,-3040,164370,0)
//-//
set(10,3040,164370,0)
chk(40,3040,164370,0)

set(12,-1520,170000,-30)
set(13,1520,170000,30)p

set(10,0,175630,0)p
set(10,0,181230,180)p
set(10,0,186830,0)
set(27,0,186830,0)pr
fix(41,0,189830,-1600,0)
set(10,0,192430,0)p
set(10,0,198030,0)p
set(10,0,203630,180)p

set(45,0,209739,0)p
set(46,0,214219,0)
set(46,0,219819,0)
set(46,0,225419,0)
set(45,0,229899,180)p
set(10,0,236008,0)
chk(40,0,235000,0)

set(10,0,241608,0)p
set(10,0,247208,180)p
set(10,0,252808,180)p
set(10,0,258408,0)
set(26,0,258408,0)pr
set(10,0,264008,0)p
set(10,0,269608,180)p
set(10,0,275208,180)p
set(10,0,280808,0)
set(32,350,277808,0)
set(32,-350,274808,0)
chk(40,0,280808,0)

set(10,0,286408,0)
set(10,0,292008,0)
set(10,0,297608,0)
set(10,0,303208,0)
set(10,0,308808,0)
set(31,0,308808,0)pr
set(10,0,314408,0)

set(10,0,325608,0)
set(10,0,331208,0)
set(10,0,336808,0)
set(10,0,342408,0)
set(10,0,348008,0)
set(26,0,348008,0)pr
set(10,0,353608,0)
set(10,0,359208,0)
set(10,0,364808,0)
set(10,0,370408,0)
chk(40,0,374008,0)
set(23,0,374008,180)p

//Return

chk(36,0,380008,0)

chk(40,0,374008,180)

set(40,-3040,164370,180)
//


//Ramps
set(36,-1810,5600,90)
set(36,1810,5600,-90)
set(36,-1810,11200,90)
set(36,1810,11200,-90)
set(36,-1810,16164,90)
set(36,1810,16164,-90)
set(36,-1810,21128,90)
set(36,1810,21128,-90)
set(36,-1810,26728,90)
set(36,1810,26728,-90)
set(36,-1810,32328,90)
set(36,1810,32328,-90)
set(36,-1810,37928,90)
set(36,1810,37928,-90)
//

maxl(81,-6000,-5000)
maxr(81,6000,-5000)
maxb(3,-7400,-4800)
maxt(3,383008,-4800)









