snap(4,8,-16)
name(Rolling once and once again)
nlaps(5)

sky(255,251,233)
fog(229,230,195)
ground(194,192,143)
polys(151,170,103)
fadefrom(5000)
density(4)

soundtrack(jellybean_-_mean_machine.mod,284,46)

set(48,0,0,0)p
set(15,0,5600,0)p
set(34,0,7200,0)pr
set(15,0,11200,0)
set(15,0,16800,0)
set(21,0,22400,0)p
chk(42,0,20400,0)
set(22,0,25750,0)
set(22,0,26050,0)

set(14,0,28350,-90)pt
set(10,-4450,28350,-90)
set(10,-10050,28350,-90)
set(10,-15650,28350,-90)p
set(10,-21250,28350,-90)
set(14,-25700,28350,0)pt
set(10,-25700,23800,0)p
chk(40,-25700,23800,0)
set(14,-25700,19350,90)pt
set(10,-21250,19350,90)
set(10,-15650,19350,90)p
set(10,-10050,19350,90)
set(10,-6450,19350,90)p
set(26,-3450,19350,-90)pr
set(23,-3950,19350,90)p

set(23,3950,19350,-90)
set(26,3450,19350,90)
set(10,6450,19350,90)p
set(10,10050,19350,90)
set(10,15650,19350,90)p
set(10,21250,19350,90)
set(14,25700,19350,-90)pt
set(10,25700,14900,0)p
chk(40,25700,14900,0)
set(14,25700,10450,180)pt
set(10,21250,10450,-90)
set(10,15650,10450,-90)p
set(10,10050,10450,-90)
set(10,6450,10450,-90)p
set(26,3450,10450,90)pr
set(23,3950,10450,-90)p

set(23,-3950,10450,90)
set(26,-3450,10450,-90)
set(10,-6450,10450,-90)p
set(10,-10050,10450,-90)
set(10,-15650,10450,-90)
set(10,-21250,10450,-90)p
set(10,-26850,10450,-90)
set(10,-32450,10450,-90)
set(14,-36900,10450,0)pt
set(10,-36900,6600,0)p
chk(40,-36900,3300,0)p
set(10,-36900,1000,0)p
set(14,-36900,-3450,90)pt
set(10,-32450,-3450,90)
set(10,-26850,-3450,90)
set(10,-21250,-3450,90)p
set(10,-15650,-3450,90)
set(10,-10050,-3450,90)
set(10,-6450,-3450,90)p
set(26,-3450,-3450,-90)pr
set(23,-3950,-3450,90)p

set(23,3950,-3450,-90)
set(26,3450,-3450,90)
set(10,6450,-3450,-90)p
set(10,10050,-3450,90)
set(10,15650,-3450,90)p
set(10,21250,-3450,90)
set(14,25700,-3450,-90)pt
set(10,25700,-7900,0)p
chk(40,25700,-7900,0)
set(14,25700,-12350,180)pt
set(10,21250,-12350,-90)
set(10,15650,-12350,-90)p
set(10,10050,-12350,-90)
set(10,6450,-12350,-90)p
set(26,3450,-12350,90)pr
set(23,3950,-12350,-90)p

set(23,-3950,-12350,90)
set(26,-3450,-12350,-90)
set(10,-6450,-12350,-90)p
set(10,-10050,-12350,-90)
set(10,-15650,-12350,-90)p
set(10,-21250,-12350,-90)
set(14,-25700,-12350,0)pt
set(10,-25700,-16800,0)p
chk(40,-25700,-16800,0)
set(14,-25700,-21250,90)pt
set(10,-21250,-21250,90)
set(10,-15650,-21250,90)p
set(10,-10050,-21250,90)
set(10,-4450,-21250,90)p
set(14,0,-21250,180)pt
chk(40,0,-16800,0)
set(20,0,-16800,180)p
set(15,0,-11200,0)
set(33,0,-11200,0)pr
set(15,0,-5600,0)


set(24,-19600,-26500,90)po
set(15,-16800,-26500,90)p
set(15,-11200,-26500,90)p
set(15,-5600,-26500,90)p
set(35,-2000,-26500,90)pr
set(15,0,-26500,90)p
fix(41,0,-26500,-1000,90)s
set(35,2000,-26500,90)pr
set(15,5600,-26500,90)p
set(15,11200,-26500,90)p
set(15,16800,-26500,90)p
set(24,19600,-26500,-90)po

maxl(15,-44000,-32735)
maxb(16,-35135,-41600)
maxr(15,32800,-32735)
maxt(16,36866,-41600)
