
name(Ghost Fliers)

world(0.86,1,0.8,0.95,0.85,0.6,0.14,0.98,-0.17)

nlaps(4)

obst(7,0,0,180)
obst(0,-51,2090,141)
obst(0,-619,1894,361)
obst(0,-205,2338,151)
obst(0,-643,2180,351)
obst(3,-550,2625,161)
obst(6,1229,4476,231)
obst(6,1449,4727,201)
obst(6,1471,5070,169)
obst(6,1339,5402,134)
obst(6,1066,5574,107)
obst(3,-637,4412,235)
obst(3,-965,4182,235)
obst(4,-2101,3294,234)
obst(4,-2219,3455,414)
obst(4,-2263,3176,234)
obst(4,-2425,3058,234)
obst(4,-2381,3337,414)
obst(4,-2543,3219,414)
obst(4,-2587,2940,234)
obst(4,-2705,3101,414)
obst(6,-4023,2366,56)
obst(6,-4245,2167,34)
obst(6,-4334,1880,0)
obst(6,-4239,1585,-29)
obst(6,-4031,1335,-55)
obst(6,-3744,1210,-76)
obst(1,-2470,936,285)
obst(1,-2393,1225,465)
obst(1,-2117,1099,465)
obst(1,-2169,905,645)
obst(1,-1842,971,825)
obst(1,-1868,874,1005)

checkpoint(-285,80,1859,161,1)
checkpoint(-662,60,2954,161,0)
checkpoint(-114,80,3560,231,1)
checkpoint(1071,140,4675,54,0)
checkpoint(327,100,5059,235,1)
checkpoint(-395,60,4582,235,0)
checkpoint(-1305,60,3940,235,1)
checkpoint(-3882,80,2249,235,0)
checkpoint(-3439,80,1339,279,1)
checkpoint(-2634,80,1136,285,0)
checkpoint(-779,535,633,284,0)

fixpoint(-2406,95,3190,235,1)

terrain(2165,-1231,747,272)
terrain(2320,-7272,-3929,317)
terrain(2192,-6330,-1855,73)
terrain(79,-6983,593,17)
terrain(3491,-4385,-5981,149)
terrain(230,-5844,1372,280)
terrain(799,-5118,3376,120)
terrain(3415,-5636,5035,33)
terrain(62,-5061,7040,160)
terrain(2969,-3980,-3616,31)
terrain(2259,-4345,-981,125)
terrain(1891,-2996,-299,343)
terrain(637,-2408,2386,327)
terrain(3282,-3481,5389,201)
terrain(2683,-2395,6006,7)
terrain(1317,-500,-7328,197)
terrain(3075,-801,-5491,356)
terrain(1340,-325,-2508,157)
terrain(2989,-1817,-377,339)
terrain(1101,627,1131,60)
terrain(24,-1391,2752,133)
terrain(3440,-1523,4936,340)
terrain(3111,1322,-5996,171)
terrain(1111,1878,-2409,58)
terrain(3481,1217,-526,187)
terrain(2371,1705,1109,31)
terrain(2242,1777,2460,102)
terrain(412,680,6123,164)
terrain(2674,1460,7977,57)
terrain(3225,2946,-4723,29)
terrain(1324,3031,-3063,347)
terrain(2246,3758,-449,291)
terrain(1284,3064,293,189)
terrain(979,3044,3179,27)
terrain(3306,3458,4113,68)
terrain(2201,2634,7806,27)
terrain(1403,5880,-5987,199)
terrain(2082,4543,-2256,187)
terrain(3399,4361,1889,319)
terrain(1861,4258,5435,306)
terrain(447,6889,-4340,69)
terrain(410,7295,539,162)
terrain(2519,7032,5446,59)

