
name(Let the Madness Begin)

world(0.96,0.84,1,0.74,0.74,1,0.31,0.95,0.04)

nlaps(6)

obst(7,0,0,180)
obst(6,2024,1676,180)
obst(6,1804,1676,360)
obst(6,2024,1476,180)
obst(6,1804,1476,360)
obst(6,2024,1276,180)
obst(6,1804,1276,360)
obst(0,2000,248,218)
obst(0,1648,-53,237)
obst(0,1212,-266,251)
obst(0,728,-347,266)
obst(0,223,-325,278)
obst(0,-242,-193,291)
obst(0,-633,58,315)
obst(0,-866,450,338)
obst(0,-991,910,350)

checkpoint(5,160,889,174,1)
checkpoint(7,200,1202,0,0)
checkpoint(-465,200,2230,159,0)
checkpoint(480,80,3328,17,0)
checkpoint(-362,600,4555,-22,0)
checkpoint(1785,90,2886,316,0)
checkpoint(1910,70,2151,180,1)
checkpoint(1909,80,1019,180,0)
checkpoint(869,105,176,83,0)

fixpoint(741,90,2173,167,1)

terrain(2729,326,1872,340)
terrain(828,-388,3092,809)
terrain(892,615,3969,125)
terrain(2280,1111,2420,63)
terrain(1494,-750,3920,361)
terrain(1706,-6262,7403,350)
terrain(1581,-4356,-1522,348)
terrain(2297,-4569,316,118)
terrain(1512,-4664,3571,356)
terrain(2285,-2251,-3058,251)
terrain(649,-2678,-762,338)
terrain(2648,-2432,440,31)
terrain(2716,-3804,3995,224)
terrain(2325,-3659,4924,46)
terrain(3474,-3067,7986,294)
terrain(2828,-1997,-4093,298)
terrain(2509,-1366,-3963,178)
terrain(978,-1972,-1445,66)
terrain(947,-1806,2197,160)
terrain(1054,-142,5178,145)
terrain(854,1140,-2685,140)
terrain(2857,886,-1886,159)
terrain(713,1663,5336,185)
terrain(2719,2240,-3463,234)
terrain(2383,3403,-1214,44)
terrain(3147,3709,2068,270)
terrain(149,3471,5095,176)
terrain(1899,2102,6958,326)
terrain(882,5803,-3857,222)
terrain(3543,5504,-172,244)
terrain(160,4651,5260,122)
terrain(2783,5681,6167,75)
terrain(2538,7378,-2438,193)
terrain(3340,7525,1413,152)
terrain(1126,7251,4762,256)
terrain(255,-2133,3543,459)

