
name(Catch Me if You Can)

world(0.69,0.6,0.64,0.64,0.7,0.94,0.58,0.81,0.12)

nlaps(3)

obst(7,0,0,180)
obst(6,125,947,180)
obst(6,-75,947,360)
obst(6,124,1147,180)
obst(6,123,1347,180)
obst(6,-76,1147,360)
obst(6,-77,1347,360)
obst(2,-2092,3139,90)
obst(6,-3934,1271,0)
obst(6,-3734,1271,180)
obst(6,-3734,1021,180)
obst(6,-3934,1021,360)
obst(6,-3934,1521,0)
obst(6,-3734,1521,180)
obst(4,-3918,1393,90)
obst(4,-3753,1393,90)
obst(4,-3918,1143,270)
obst(4,-3753,1143,270)
obst(2,-1707,-661,90)
obst(2,-1887,-661,90)

checkpoint(25,80,314,180,1)
checkpoint(28,80,1744,180,0)
checkpoint(-1179,85,3136,90,1)
checkpoint(-1912,85,3138,90,1)
checkpoint(-2228,85,3138,90,0)
checkpoint(-3831,80,2264,180,1)
checkpoint(-3832,80,900,0,0)
checkpoint(-2957,85,-665,90,1)
checkpoint(-1608,85,-660,270,0)
checkpoint(-105,85,-183,180,1)

fixpoint(-3830,80,2258,0,0)
fixpoint(-1193,85,3135,90,0)
fixpoint(-2632,85,-661,90,0)
fixpoint(-103,85,-155,0,0)

terrain(124,-2154,2834,90)
terrain(1041,-2154,3379,253)
terrain(1309,-1742,-342,-10)
terrain(3058,-1379,-905,360)
terrain(3489,-6752,-6099,171)
terrain(444,-6899,-2371,68)
terrain(2858,-6443,449,18)
terrain(590,-5701,-3033,310)
terrain(1536,-3783,-6653,359)
terrain(2905,-2343,-4044,345)
terrain(2698,-2153,-2003,205)
terrain(3286,-4213,49,93)
terrain(1964,-2355,574,38)
terrain(650,-1570,1250,218)
terrain(2004,-3245,5951,329)
terrain(3476,-3741,7177,249)
terrain(142,-1978,-6779,345)
terrain(1471,-1765,-3179,227)
terrain(1618,-1076,-1597,181)
terrain(1646,1248,1427,-10)
terrain(1275,-739,1902,294)
terrain(2378,-865,5761,119)
terrain(3335,1771,-2337,173)
terrain(1274,1877,-1737,104)
terrain(1052,1175,279,236)
terrain(2,1537,3550,81)
terrain(919,1911,5589,188)
terrain(841,2975,-5341,90)
terrain(311,3653,-3675,257)
terrain(2717,3158,-706,86)
terrain(455,3601,917,182)
terrain(2809,885,5598,120)
terrain(2474,3463,4650,157)
terrain(2129,2948,6747,112)
terrain(1232,5071,-7374,209)
terrain(1394,5639,613,338)
terrain(1086,5466,2826,152)
terrain(836,4524,4895,194)
terrain(1649,7557,-6127,285)
terrain(1318,6466,-945,227)
terrain(632,6796,55,312)
terrain(2284,6254,4447,285)
terrain(1330,332,5170,312)
terrain(1274,-5284,4018,181)
terrain(335,-5634,3111,79)

