
name(Flight of the Radicals)

world(1,0.95,0.8,0.96,0.86,0.64,0.14,0.99,0.1)

nlaps(2)

obst(7,0,0,180)
obst(6,157,1726,22)
obst(6,435,1613,202)
obst(6,82,1540,22)
obst(6,360,1427,202)
obst(0,-1862,3501,353)
obst(0,-1758,3086,337)
obst(0,-1842,3910,371)
obst(0,-1661,4263,398)
obst(6,579,3993,96)
obst(6,547,3694,276)
obst(6,827,3966,96)
obst(6,795,3667,276)
obst(6,1075,3939,96)
obst(6,1043,3640,276)
obst(6,1323,3912,96)
obst(6,1291,3613,276)
obst(5,1990,1726,190)
obst(0,1473,587,190)
obst(0,1373,178,199)
obst(0,1182,-186,220)
obst(0,844,-433,243)

checkpoint(11,100,485,0,1)
checkpoint(427,80,2022,22,0)
checkpoint(-1210,180,3000,291,1)
checkpoint(-1421,180,3535,175,0)
checkpoint(32,70,3900,276,1)
checkpoint(1419,80,3747,276,0)
checkpoint(1794,120,3140,190,1)
checkpoint(1084,100,306,190,0)

fixpoint(1877,110,1748,10,1)

terrain(3326,-6069,-7915,134)
terrain(3425,-6305,288,266)
terrain(1846,-7610,3303,15)
terrain(910,-6342,5974,160)
terrain(2134,-5759,-7905,21)
terrain(2912,-4628,-4488,225)
terrain(2914,-4940,413,310)
terrain(3575,-5659,3603,298)
terrain(1671,-5392,4108,76)
terrain(2053,-2553,-7137,238)
terrain(1502,-3075,-4092,221)
terrain(2536,-2524,-2935,184)
terrain(1997,-3369,-1198,160)
terrain(3540,-2033,260,251)
terrain(1492,-2606,3378,403)
terrain(1787,-2476,5349,88)
terrain(2570,-2742,7804,152)
terrain(2697,-331,-6004,306)
terrain(3398,-126,-4062,51)
terrain(384,-1677,-716,3)
terrain(2298,-2432,1201,305)
terrain(1658,1763,-6418,264)
terrain(2533,1911,-2201,273)
terrain(3323,2277,446,180)
terrain(1229,1498,4767,156)
terrain(2975,1232,6202,205)
terrain(1452,3819,-5777,122)
terrain(776,2747,-2719,124)
terrain(1538,2594,-929,92)
terrain(2952,3149,1608,83)
terrain(1845,3624,4381,22)
terrain(1100,4205,-6311,237)
terrain(559,4033,-4166,240)
terrain(2796,4212,-3183,237)
terrain(1213,5811,3299,113)
terrain(925,5701,7492,309)
terrain(2480,6794,-6225,175)
terrain(1969,7428,-351,218)
terrain(208,7359,3224,271)
terrain(2277,-326,5056,64)
terrain(2842,2314,5141,175)
terrain(2386,2645,4151,329)

