
name(The Last One Standing)

world(1,0.95,0.8,1,0.87,0.58,-0.1,0.99,0.1)

nlaps(4)

obst(7,0,0,180)
obst(6,-1273,590,381)
obst(6,-993,482,561)
obst(6,-1101,201,561)
obst(6,-1382,308,741)
obst(1,-1429,30,381)
obst(1,-1258,-27,561)
obst(1,-1537,-251,381)
obst(1,-1366,-308,561)
obst(2,-341,-692,214)
obst(0,-78,-541,-133)
obst(0,-295,-390,22)
obst(0,-273,-935,180)
obst(0,-588,-705,436)
obst(4,-869,-141,113)
obst(4,-656,-228,113)
obst(4,-731,-98,203)

checkpoint(0,155,584,180,1)
checkpoint(-107,620,1744,166,0)
checkpoint(-299,1215,2428,159,0)
checkpoint(-1011,205,861,201,1)
checkpoint(-1172,85,441,21,0)
checkpoint(-1744,570,-952,375,0)
checkpoint(-1626,1160,-1980,188,0)
checkpoint(-573,90,-1008,394,1)
checkpoint(-430,90,-819,214,0)
checkpoint(-187,90,-461,394,1)


terrain(1564,-6520,-7930,321)
terrain(733,-7151,-2834,22)
terrain(1160,-6367,-383,144)
terrain(295,-4802,-7044,135)
terrain(986,-4029,-2964,97)
terrain(2423,-4958,-471,312)
terrain(2587,-4344,1880,283)
terrain(3210,-4550,2885,276)
terrain(328,-5256,4505,247)
terrain(1880,-5412,6074,114)
terrain(3543,-3195,-6777,205)
terrain(2564,-3390,-2277,110)
terrain(3002,-3301,714,25)
terrain(3502,-3037,3484,175)
terrain(683,-2281,5400,23)
terrain(2124,-376,-6956,178)
terrain(697,-179,-4365,227)
terrain(1590,-499,-1563,335)
terrain(739,-1985,681,231)
terrain(49,-772,2589,158)
terrain(2668,-898,5086,137)
terrain(1518,22,-3366,22)
terrain(2462,518,-1921,373)
terrain(1208,1774,1334,233)
terrain(693,1256,2102,219)
terrain(494,1284,4548,129)
terrain(279,3832,-4155,107)
terrain(12,2574,-1420,345)
terrain(939,2331,176,219)
terrain(643,2126,2302,1)
terrain(120,3148,5424,58)
terrain(532,4749,-5931,126)
terrain(903,4956,561,43)
terrain(3564,5161,4653,329)
terrain(1443,7175,-7624,14)
terrain(202,6782,-5295,76)
terrain(1334,6100,1073,27)
terrain(2578,6670,3919,89)
terrain(2096,-15,1539,656)
terrain(113,-1635,-766,169)

