
name(The Illusion is Real)

world(0.95,0.8,1,0.85,0.8,0.9,0.17,0.99,0)

nlaps(2)

obst(7,0,0,180)
obst(5,501,1222,190)
obst(5,31,1393,390)
obst(5,553,1517,180)
obst(5,181,1649,400)
obst(5,433,1767,109)
obst(3,2046,3086,58)
obst(1,3834,2558,305)
obst(1,3948,2721,485)
obst(1,4180,2529,485)
obst(1,4093,2406,665)
obst(0,4520,1889,235)
obst(0,4177,1674,242)
obst(0,4832,2158,225)
obst(0,4360,1757,419)
obst(0,4699,2003,408)
obst(3,5032,32,171)
obst(3,5059,-359,181)
obst(3,5017,-749,191)
obst(6,892,-2729,108)
obst(6,830,-2920,288)
obst(6,1099,-3060,288)
obst(6,1191,-2775,468)
obst(6,1367,-3201,648)
obst(6,1490,-2821,828)
obst(6,544,-2828,288)
obst(6,605,-2638,468)
obst(6,258,-2716,298)
obst(6,351,-2540,478)
obst(6,8,-2571,308)
obst(6,131,-2414,488)
obst(6,-214,-2382,318)
obst(6,-66,-2249,498)
obst(6,-395,-2160,328)
obst(6,-226,-2055,508)
obst(6,-534,-1911,338)
obst(6,-349,-1837,518)

checkpoint(165,75,964,200,1)
checkpoint(303,60,1374,200,0)
checkpoint(1000,255,2132,214,1)
checkpoint(1790,50,2928,238,0)
checkpoint(2267,50,3219,238,1)
checkpoint(2962,165,3170,276,0)
checkpoint(4250,105,2388,305,0)
checkpoint(4712,320,1608,335,0)
checkpoint(5000,65,241,171,0)
checkpoint(5061,60,-161,-4,1)
checkpoint(5056,60,-556,6,1)
checkpoint(4972,60,-958,191,1)
checkpoint(4766,185,-1663,381,0)
checkpoint(2719,560,-3062,61,0)
checkpoint(1616,105,-3056,108,1)
checkpoint(721,80,-2781,108,0)
checkpoint(-68,80,-2436,-46,1)
checkpoint(-497,80,-1742,158,0)

fixpoint(1486,100,-3023,108,1)
fixpoint(2554,520,690,127,0)

terrain(1470,557,2177,195)
terrain(2174,1435,1826,249)
terrain(1214,3011,3457,279)
terrain(567,5031,1551,246)
terrain(2856,4511,1264,237)
terrain(3162,5184,-1715,442)
terrain(809,4453,-1636,142)
terrain(414,4682,-2300,106)
terrain(3121,3829,-2517,-18)
terrain(2466,3277,-2307,227)
terrain(1042,-1001,-3,135)
terrain(3350,-1131,-395,342)
terrain(2129,-6624,-5381,7)
terrain(2875,-6260,-1975,258)
terrain(1310,-7987,3249,169)
terrain(3057,-7764,5130,176)
terrain(3295,-6817,6786,284)
terrain(955,-4548,-6228,94)
terrain(18,-4729,-1711,68)
terrain(2881,-4593,441,248)
terrain(160,-4201,4193,57)
terrain(743,-3828,-7938,65)
terrain(3084,-2160,-4154,60)
terrain(1916,-4921,2290,211)
terrain(2171,-2489,-52,138)
terrain(1977,-2088,2908,243)
terrain(1454,-2104,4934,128)
terrain(2062,-3101,7966,262)
terrain(225,-1546,-6833,67)
terrain(2162,-929,3883,15)
terrain(2632,1564,5346,12)
terrain(2076,3820,-5790,130)
terrain(223,2512,712,100)
terrain(377,2529,4501,192)
terrain(422,4574,5935,275)
terrain(605,4817,7411,263)
terrain(727,7126,-4398,133)
terrain(3213,6892,-1980,141)
terrain(1536,7240,4965,347)
terrain(2860,7779,670,81)
terrain(2633,1833,-4801,126)
terrain(1475,-26,-5020,-17)

