
name(The Great Escape)

world(1,0.92,0.87,1,0.77,0.54,0.07,1,0)

nlaps(2)

obst(7,0,0,180)
obst(6,656,1938,200)
obst(6,468,2006,380)
obst(6,570,2287,380)
obst(6,757,2218,560)
obst(6,672,2568,380)
obst(6,859,2499,560)
obst(0,945,3366,64)
obst(0,1319,3486,76)
obst(0,1752,3512,92)
obst(0,2196,3468,100)
obst(0,2126,3074,280)
obst(0,2589,3398,100)
obst(0,2519,3004,280)
obst(0,2992,3313,107)
obst(0,3371,3152,122)
obst(0,3668,2867,145)
obst(0,3825,2509,167)
obst(5,-2183,-1248,35)
obst(5,-2020,-1363,215)
obst(5,-1807,-1147,215)
obst(5,-2053,-975,395)
obst(5,-1595,-931,575)
obst(5,-1923,-702,755)
obst(0,-2586,-1769,343)
obst(0,-2416,-2139,323)
obst(0,-2081,-2434,303)
obst(0,-1686,-2612,286)
obst(0,-1282,-2673,270)
obst(0,-867,-2608,251)
obst(0,-489,-2433,240)
obst(0,-153,-2188,231)
obst(0,147,-1887,221)

checkpoint(515,80,1859,200,1)
checkpoint(858,80,2784,200,0)
checkpoint(1682,80,3288,269,1)
checkpoint(2757,100,3157,280,0)
checkpoint(3242,100,2949,138,1)
checkpoint(1210,660,2135,254,0)
checkpoint(-474,1020,964,397,0)
checkpoint(-1022,965,148,215,1)
checkpoint(-2244,80,-1506,35,0)
checkpoint(-1888,90,-2143,306,1)
checkpoint(-491,100,-1621,204,0)
checkpoint(60,840,231,204,0)

fixpoint(-992,965,189,34,0)

terrain(375,2151,2199,180)
terrain(494,-7739,-3832,112)
terrain(3019,-7027,1094,30)
terrain(1609,-6916,3476,11)
terrain(1555,-4150,-4897,151)
terrain(2307,-4591,-3272,38)
terrain(3056,-4949,-319,11)
terrain(3444,-5973,2139,37)
terrain(527,-4792,4753,295)
terrain(2061,-3528,-6565,27)
terrain(137,-2159,-3150,638)
terrain(3476,-3479,-1311,128)
terrain(2223,-3480,1809,212)
terrain(581,-2072,3090,22)
terrain(2302,-2834,4789,316)
terrain(347,-1547,-5792,341)
terrain(527,-769,-3667,214)
terrain(1072,-2420,-802,30)
terrain(3184,-173,2515,383)
terrain(1042,-348,5372,32)
terrain(3111,-170,7481,255)
terrain(3274,1388,-6338,95)
terrain(1510,1673,-5274,237)
terrain(3017,614,-2792,-11)
terrain(740,1829,859,495)
terrain(3124,1442,4123,292)
terrain(1393,97,7793,12)
terrain(2086,3467,-6083,67)
terrain(1365,3815,-5614,339)
terrain(3188,2458,-2459,112)
terrain(3309,3508,-1601,349)
terrain(3231,3149,1660,341)
terrain(3368,4114,3498,82)
terrain(3083,4367,3149,336)
terrain(678,5129,-4734,92)
terrain(2027,5315,-2383,70)
terrain(2217,4770,-186,206)
terrain(1561,4606,1553,418)
terrain(3494,3047,5004,215)
terrain(2251,4631,5712,276)
terrain(2892,6250,-7154,173)
terrain(545,7119,-2415,256)
terrain(2801,7962,4897,179)
terrain(3280,6021,7865,340)
terrain(3492,132,-1064,717)
terrain(656,-456,-748,404)
terrain(2217,2057,-453,214)

