
name(A Dance of Fire)

world(0.9,0.85,1,0.7,0.76,1,0.1,0.99,-0.14)

nlaps(3)

obst(7,0,0,180)
obst(6,-726,2301,145)
obst(6,-890,2186,325)
obst(6,-899,2546,145)
obst(6,-1063,2431,325)
obst(4,-1276,2781,55)
obst(4,-1169,2873,145)
obst(4,-1306,2947,55)
obst(4,-1226,3067,145)
obst(4,-1471,2969,325)
obst(4,-1398,3178,145)
obst(4,-1458,3098,235)
obst(6,-2521,3822,300)
obst(6,-2421,3995,480)
obst(6,-2781,3972,300)
obst(6,-2681,4145,480)
obst(0,-2944,4336,432)
obst(0,-3086,4101,710)
obst(1,-3037,2041,213)
obst(1,-3201,1789,213)
obst(1,-3365,1537,213)
obst(1,-3453,1952,393)
obst(1,-3290,2203,393)
obst(1,-3617,1700,393)
obst(0,-3136,4289,931)
obst(6,-3095,-963,57)
obst(6,-3014,-1089,237)
obst(6,-2844,-800,57)
obst(6,-2763,-926,237)
obst(6,-2593,-637,57)
obst(6,-2512,-763,237)
obst(4,-2899,-1003,237)
obst(4,-2970,-894,417)
obst(4,-2719,-731,417)
obst(4,-2649,-841,597)
obst(0,-2129,1168,120)
obst(0,-2306,1068,0)
obst(0,-2131,968,240)

checkpoint(-540,80,1859,145,1)
checkpoint(-1077,80,2624,146,0)
checkpoint(-2144,80,3717,118,1)
checkpoint(-2900,80,4157,300,0)
checkpoint(-2676,80,2852,196,1)
checkpoint(-3406,80,1744,33,0)
checkpoint(-3744,80,1254,233,1)
checkpoint(-4207,80,965,237,0)
checkpoint(-4508,80,702,29,1)
checkpoint(-4443,80,159,162,0)
checkpoint(-4266,100,-864,131,1)
checkpoint(-3327,100,-1174,56,1)
checkpoint(-2426,80,-619,237,0)

fixpoint(-2195,290,1065,-29,1)

terrain(689,-4038,1384,67)
terrain(3071,-3515,1003,-134)
terrain(492,-4506,1149,138)
terrain(2892,-4055,646,-30)
terrain(1944,-4764,253,445)
terrain(238,-4085,-206,454)
terrain(3122,-6234,-3607,58)
terrain(1691,-6812,2210,173)
terrain(2402,-6289,4874,300)
terrain(2570,-5135,-4383,261)
terrain(1351,-5911,-3031,122)
terrain(2205,-5844,-450,110)
terrain(3157,-4602,2923,339)
terrain(1311,-2838,-4476,219)
terrain(375,-3994,-2641,335)
terrain(3349,-4185,3976,40)
terrain(1886,-1144,-1952,263)
terrain(41,-681,-1446,254)
terrain(1576,1091,1568,34)
terrain(3399,692,3244,121)
terrain(3450,-1039,5733,402)
terrain(1011,-357,7393,94)
terrain(1792,58,-2561,63)
terrain(3329,179,-1520,298)
terrain(1058,1667,2791,51)
terrain(2508,405,5830,249)
terrain(1122,2327,-4396,311)
terrain(1930,3862,-3651,223)
terrain(1167,2420,-1208,275)
terrain(2100,2029,684,354)
terrain(2540,2546,3957,57)
terrain(2497,3969,4435,10)
terrain(178,3717,7017,299)
terrain(2613,4147,-4540,322)
terrain(1311,5904,-431,299)
terrain(3325,4318,1969,122)
terrain(2661,6415,-6834,164)
terrain(3016,7596,-4453,6)
terrain(3151,6964,3741,131)
terrain(885,6902,6298,357)
terrain(208,-3452,5755,570)

