
name(The Hidden One)

world(1,0.87,0.87,1,0.76,0.67,-0.21,0.94,0.27)

nlaps(3)

obst(7,0,0,180)
obst(2,110,1070,90)
obst(2,-110,1070,270)
obst(6,102,3073,180)
obst(6,-98,3073,360)
obst(6,-99,3273,360)
obst(6,101,3273,540)
obst(0,69,3604,136)
obst(0,-155,3764,116)
obst(0,-420,3840,96)
obst(0,-694,3821,76)
obst(1,-2209,1109,-45)
obst(1,-2302,1326,0)
obst(1,-2002,996,-80)
obst(1,-1440,-690,-45)
obst(1,-1528,-478,0)
obst(1,-1228,-783,-90)

checkpoint(0,195,829,180,1)
checkpoint(3,315,1564,180,0)
checkpoint(1,70,2925,180,0)
checkpoint(-18,100,3441,180,1)
checkpoint(-2089,80,1442,45,0)
checkpoint(-224,80,1069,270,0)
checkpoint(400,80,1069,90,1)
checkpoint(1768,500,1071,-90,0)
checkpoint(796,200,1070,90,1)
checkpoint(455,80,1071,90,1)
checkpoint(229,80,1070,90,0)
checkpoint(-342,80,1068,90,1)
checkpoint(-1306,80,-282,32,0)
checkpoint(2376,125,348,413,1)
checkpoint(2519,75,1306,183,0)
checkpoint(2070,240,1764,111,1)
checkpoint(752,320,1082,236,1)

fixpoint(-974,230,1781,180,1)

terrain(1855,-5,1758,-7)
terrain(866,-1965,2362,281)
terrain(2211,-1138,1815,183)
terrain(480,-1495,2935,-189)
terrain(3584,-632,2655,167)
terrain(2011,999,1041,454)
terrain(3198,-1239,297,304)
terrain(3032,-757,36,333)
terrain(3560,-6016,608,98)
terrain(3548,-7456,7644,7)
terrain(1394,-5383,-3126,280)
terrain(177,-5213,-551,210)
terrain(103,-4299,4444,312)
terrain(6,-3927,-4618,189)
terrain(2157,-3754,-2587,265)
terrain(2949,-3473,-833,275)
terrain(1063,-3091,3739,185)
terrain(3366,-2393,5049,279)
terrain(1742,-2383,7097,336)
terrain(133,-907,-7564,325)
terrain(2480,-515,-5757,266)
terrain(164,-425,-3918,340)
terrain(3152,-1859,-1955,26)
terrain(2605,2128,1281,313)
terrain(2162,1995,-306,306)
terrain(1826,-1560,4468,340)
terrain(3454,-317,6087,95)
terrain(691,1715,-4497,258)
terrain(3420,646,-4129,216)
terrain(2142,1032,-1884,209)
terrain(1588,1565,2180,55)
terrain(1679,91,5864,222)
terrain(68,2602,-6320,183)
terrain(1846,3449,-5918,261)
terrain(1239,3601,-2186,357)
terrain(1930,2173,-1692,147)
terrain(68,3858,2113,75)
terrain(2291,2435,4146,200)
terrain(1271,5104,-6836,103)
terrain(897,5301,-4277,195)
terrain(3488,4597,-2822,48)
terrain(861,4382,-1448,312)
terrain(1193,4500,1663,307)
terrain(2936,5017,3333,286)
terrain(1036,5980,-93,195)


