
name(Intro Stage)

world(0.96,0.96,0.96,1,0.77,0.6,0,0.98,0.21)

nlaps(3)

obst(7,0,0,180)
obst(5,-395,1300,-15)
obst(5,-9,1403,165)
obst(5,-499,1686,-15)
obst(5,-113,1789,165)
obst(5,1845,2783,98)
obst(5,1789,2386,278)
obst(5,2340,2713,98)
obst(5,2284,2316,278)
obst(0,1793,559,25)
obst(0,2089,432,205)
obst(0,1750,-294,205)
obst(0,1478,-168,385)

checkpoint(31,100,405,165,1)
checkpoint(-383,125,2022,165,0)
checkpoint(775,85,2615,249,1)
checkpoint(2043,110,2558,278,0)
checkpoint(2632,180,2239,155,1)
checkpoint(1483,160,-525,25,0)

fixpoint(1776,100,136,20,0)

terrain(1924,-6194,-3947,66)
terrain(1543,-7659,-211,344)
terrain(949,-7330,3760,56)
terrain(992,-5111,-7378,117)
terrain(2500,-4184,-4281,55)
terrain(1418,-5371,-3564,210)
terrain(1830,-4443,-235,342)
terrain(2810,-5664,1690,142)
terrain(3528,-5044,2236,152)
terrain(1041,-4413,4550,117)
terrain(1777,-4357,6102,126)
terrain(2213,-2501,-7902,40)
terrain(3206,-3866,-5998,287)
terrain(669,-3301,-3578,190)
terrain(1708,-2579,-1356,219)
terrain(1241,-2475,403,31)
terrain(1477,-2738,2827,16)
terrain(2846,-2853,5277,199)
terrain(696,-2237,7891,66)
terrain(1969,-119,-6836,23)
terrain(2811,-103,-4107,188)
terrain(1795,-1515,-3924,266)
terrain(1999,-495,-1911,258)
terrain(3260,-993,414,66)
terrain(3587,-1121,2982,201)
terrain(631,-1897,4932,163)
terrain(1733,-759,7853,3)
terrain(899,91,-5266,321)
terrain(2012,901,-3762,238)
terrain(1463,1189,1127,331)
terrain(972,-286,3937,153)
terrain(2912,1116,3480,207)
terrain(2496,1138,5598,37)
terrain(2818,2089,-7899,249)
terrain(2514,2137,-4038,63)
terrain(2672,3994,-2481,277)
terrain(2222,2122,-1500,51)
terrain(505,3298,1736,-42)
terrain(1916,3917,3539,83)
terrain(149,2590,5808,187)
terrain(3027,4217,-5165,46)
terrain(1788,4805,-1514,329)
terrain(81,5040,2135,124)
terrain(1159,4425,5735,258)
terrain(1249,7399,-5093,79)
terrain(3429,6665,-3037,160)
terrain(1008,6244,221,53)
terrain(3563,6132,4825,219)
terrain(113,2869,210,154)

