
name(Run and Hide)

world(0.92,0.82,1,0.75,0.78,1,-0.12,0.98,0.18)

nlaps(2)

obst(7,0,0,180)
obst(6,106,1028,180)
obst(6,-94,1028,360)
obst(6,-95,1228,360)
obst(6,105,1228,540)
obst(6,-121,1428,-15)
obst(6,72,1479,165)
obst(6,-193,1621,-30)
obst(6,-20,1721,150)
obst(6,-313,1779,-45)
obst(6,-172,1920,135)
obst(6,-465,1905,-60)
obst(6,-365,2078,120)
obst(0,-525,2246,45)
obst(0,-675,1956,10)
obst(0,-649,2129,208)
obst(1,-2256,2103,90)
obst(1,-2256,1903,270)
obst(4,-2406,2091,271)
obst(1,-2556,1928,275)
obst(1,-2556,2078,445)
obst(1,-2856,1953,635)
obst(1,-2856,2053,805)
obst(4,-2410,1911,451)
obst(4,-2992,2004,90)
obst(4,-2704,2067,90)
obst(4,-2704,1937,270)
obst(5,-4772,694,0)
obst(5,-4572,694,180)
obst(5,-4572,494,180)
obst(5,-4772,494,360)
obst(5,-4572,294,180)
obst(5,-4772,294,360)
obst(4,-4744,850,270)
obst(4,-4694,850,539)
obst(4,-4644,850,719)
obst(4,-4594,850,450)
obst(0,-2219,-484,0)
obst(0,-2219,-264,0)
obst(0,-2219,-704,0)
obst(0,-2329,-809,90)
obst(0,-2549,-809,90)
obst(0,-2769,-809,90)
obst(0,-2879,-704,180)
obst(0,-2879,-484,180)
obst(0,-2879,-264,180)
obst(0,-2769,-159,270)
obst(0,-2549,-159,270)
obst(0,-2329,-159,270)
obst(4,-2704,-436,180)
obst(4,-2703,-536,180)
obst(4,-2398,-536,360)
obst(4,-2399,-436,360)
obst(2,654,769,180)
obst(2,714,1274,200)
obst(3,1717,1654,90)
obst(3,2167,1654,90)
obst(2,2983,1411,300)
obst(2,3177,1250,320)
obst(2,3300,1031,340)
obst(2,3343,777,360)

checkpoint(5,80,694,180,1)
checkpoint(3,80,1339,176,0)
checkpoint(-169,80,1774,138,1)
checkpoint(-675,210,2146,120,0)
checkpoint(-2071,65,2007,90,0)
checkpoint(-2436,285,1999,270,1)
checkpoint(-4467,210,844,392,1)
checkpoint(-4669,80,178,0,0)
checkpoint(-2949,235,-99,315,1)
checkpoint(-2543,60,-487,90,0)
checkpoint(-2113,285,-923,315,1)
checkpoint(407,60,-693,270,0)
checkpoint(1018,140,-578,89,1)
checkpoint(1747,90,-636,-75,0)
checkpoint(1789,60,-1328,377,0)
checkpoint(1533,80,-1732,262,1)
checkpoint(993,80,-1685,90,0)
checkpoint(651,195,-899,165,1)
checkpoint(656,80,665,180,0)
checkpoint(636,80,1044,363,1)
checkpoint(756,80,1383,200,0)
checkpoint(1258,60,1654,270,1)
checkpoint(1939,65,1653,270,0)
checkpoint(2429,60,1656,270,1)
checkpoint(2867,80,1475,300,0)
checkpoint(3094,80,1349,-50,1)
checkpoint(3260,80,1149,-30,1)
checkpoint(3340,80,907,170,1)
checkpoint(3345,80,640,180,0)
checkpoint(1607,330,-306,63,0)
checkpoint(3,1150,-2084,48,0)
checkpoint(-518,1220,-2338,50,1)

fixpoint(639,350,-26,360,1)
fixpoint(-443,1220,-2282,230,0)

terrain(618,829,-162,296)
terrain(615,579,-1017,270)
terrain(2079,-318,-1381,146)
terrain(3219,1275,-833,341)
terrain(2797,1627,-307,341)
terrain(3523,2231,-612,544)
terrain(2447,2339,-1147,16)
terrain(2184,2020,-1674,413)
terrain(3455,1186,-1352,334)
terrain(1980,1280,-2034,35)
terrain(2557,-5360,-3805,188)
terrain(343,-4040,-1719,207)
terrain(3145,-5096,2241,46)
terrain(796,-5124,3098,260)
terrain(2265,-3528,-3890,343)
terrain(2765,-3218,-1897,76)
terrain(1519,-2412,3189,5)
terrain(523,-376,-6166,357)
terrain(272,-1258,-4472,16)
terrain(3368,-970,-3235,316)
terrain(1123,-1575,-1630,295)
terrain(899,-2253,852,169)
terrain(1086,-1240,3370,284)
terrain(2368,-424,5484,270)
terrain(2845,-261,6744,74)
terrain(2837,1267,-6613,167)
terrain(607,90,-5041,256)
terrain(804,-6821,908,238)
terrain(814,534,2357,71)
terrain(1129,3942,-6211,283)
terrain(1777,2706,-5228,338)
terrain(2869,3029,-2537,290)
terrain(2183,4654,-2231,51)
terrain(2454,4482,1219,37)
terrain(2492,2311,2930,-122)
terrain(1459,2380,5063,115)
terrain(3207,4716,-6470,165)
terrain(2619,4261,-151,49)
terrain(2093,4256,1856,30)
terrain(756,5840,3714,134)
terrain(1782,5739,4673,8)
terrain(2849,4548,6459,159)
terrain(436,7890,-6128,71)
terrain(321,6722,-4135,195)
terrain(2996,6078,2055,164)
terrain(2118,7545,7241,303)

