
name(Fly Fast and Fly Away)

world(0.95,1,0.8,0.94,0.85,0.61,0.07,1,-0.07)

nlaps(1)

obst(7,0,0,180)
obst(1,-200,3460,0)
obst(1,200,3460,180)
obst(1,200,2860,180)
obst(1,-200,2860,360)
obst(0,-486,4811,90)
obst(0,-1086,4811,90)
obst(0,-1686,4811,90)
obst(0,-2286,4811,90)
obst(0,-2886,4811,90)
obst(5,-2426,-1148,180)
obst(5,-1086,-408,180)
obst(5,-1086,-1334,180)
obst(5,-2426,-596,180)
obst(0,403,-872,180)
obst(0,403,-1472,180)
obst(0,403,-2072,180)
obst(0,403,-2672,180)
obst(0,403,-3272,180)
obst(1,1658,-4200,90)
obst(1,2058,-4200,90)
obst(1,2058,-4600,270)
obst(1,1658,-4600,270)
obst(1,2458,-4200,90)
obst(1,2458,-4600,270)
obst(1,-4224,1028,360)
obst(1,-4224,1628,360)
obst(1,-4224,2228,360)
obst(1,-4224,2828,360)
obst(1,-3950,1028,540)
obst(1,-3950,1628,540)
obst(1,-3950,2228,540)
obst(1,-3950,2828,540)

checkpoint(0,90,2074,180,1)
checkpoint(0,90,4002,0,0)
checkpoint(-1000,90,4530,90,1)
checkpoint(-3501,90,4530,90,0)
checkpoint(-4087,90,3900,0,1)
checkpoint(-4088,180,1930,0,1)
checkpoint(-4087,90,245,0,0)
checkpoint(-2401,90,-870,270,1)
checkpoint(-1068,90,-871,90,0)
checkpoint(3,90,-1357,360,1)
checkpoint(2,90,-3466,180,0)
checkpoint(500,90,-4401,270,1)
checkpoint(2595,90,-4399,270,0)

fixpoint(-404,90,-2202,180,1)
fixpoint(-2397,90,-872,267,0)

terrain(2096,-6674,-6205,70)
terrain(687,-6772,-4003,128)
terrain(3228,-6834,-1378,257)
terrain(1568,-7716,4545,333)
terrain(1240,-7639,6604,75)
terrain(2205,-4803,-5901,93)
terrain(1394,-4949,-2114,335)
terrain(3316,-4555,-1674,103)
terrain(177,-4607,1324,270)
terrain(3080,-4643,3613,55)
terrain(3360,-5520,4273,269)
terrain(2728,-5355,7644,327)
terrain(1023,-3128,-2882,245)
terrain(681,-2523,1152,314)
terrain(401,-3144,3198,56)
terrain(689,-2126,7994,85)
terrain(265,-1228,-4366,129)
terrain(3240,-1329,-2902,146)
terrain(2111,-1573,253,48)
terrain(316,-1030,2749,289)
terrain(1996,-1757,5756,379)
terrain(1934,1724,-6619,225)
terrain(1592,1233,-397,47)
terrain(1457,1539,1782,282)
terrain(525,956,2715,116)
terrain(2952,239,5803,267)
terrain(2055,793,6104,168)
terrain(1352,2617,-6232,295)
terrain(2932,3540,-5574,225)
terrain(1161,2567,-2963,370)
terrain(1741,3171,-440,281)
terrain(2373,3246,1933,175)
terrain(930,2089,2976,53)
terrain(2833,3694,4746,130)
terrain(2249,5959,-6762,202)
terrain(2855,5184,-5267,160)
terrain(792,4292,-3726,58)
terrain(1141,4299,-552,164)
terrain(1108,4034,7876,221)
terrain(2079,6697,-4832,129)
terrain(1268,6401,-2707,198)
terrain(2408,7983,2172,56)
terrain(3310,-3231,328,339)

