snap(0,0,0)
sky(150,150,150)
ground(110,110,110)
polys(100,100,100)
fadefrom(0)
mountains(100001)
clouds(150,150,150,0,0)
name(Waste 'Em!)
nlaps(0)

set(33,0,0,250,90)
set(34,0,0,250,180)pr
set(35,0,0,250,0)pr
set(37,0,0,250,90)
set(53,0,0,250,-90)pr
set(55,0,0,250,180)pr
set(78,0,0,250,0)pr

set(65,0,0,250,0)
set(66,0,0,250,90)
set(67,0,0,250,0)
set(68,0,0,250,90)
set(69,0,0,250,0)
set(70,0,0,250,0)
set(71,0,0,250,90)
set(72,0,0,250,90)
set(73,0,0,250,0)
set(74,0,0,250,90)

maxt(0,25000,0)
maxb(0,-25000,0)
maxr(0,25000,0)
maxl(0,-25000,0)