snap(-50,-50,-50)
sky(0,0,0)
ground(0,0,0)
polys(100,100,100)
mountains(743)
lights()
stars()
fadefrom(0)
name(3...2...1...GO!...CRASH...YOU'RE WASTED!)
nlaps(0)

set(77,0,0,-2147483648,0)
set(25,0,0,1000000000,0)p

maxb(1,-1000,0)
maxt(1,1000,0)
maxr(1,1000,0)
maxl(1,-1000,0)

maxb(2,-2400,-2400)
maxt(2,2400,-2400)
maxr(2,2400,-2400)
maxl(2,-2400,-2400)

maxb(4,-4800,-7200)
maxt(4,4800,-7200)
maxr(4,4800,-7200)
maxl(4,-4800,-7200)

maxb(7,-9600,-14400)
maxt(7,9600,-14400)
maxr(7,9600,-14400)
maxl(7,-9600,-14400)

maxb(14,-19200,-28800)
maxt(14,19200,-28800)
maxr(14,19200,-28800)
maxl(14,-19200,-28800)