snap(0,0,-20)
sky(155,155,100)
ground(50,145,50)
polys(50,155,100)
clouds(166,166,166,5,-593)
fadefrom(0)
mountains(357)
name(The Trampoline)
nlaps(3)

set(77,-1200000000,1200000000,-250000000,45)

set(47,0,0,-5000,0)

set(26,0,2000,-5000,0)
set(58,0,2000,-5000,0)
set(58,0,0,-5000,0)

set(48,0,10100,250,91)
set(48,0,10300,250,91)
set(48,0,10500,250,91)
set(48,0,10700,250,91)
set(48,0,10900,250,91)
set(48,0,11100,250,91)
set(48,0,11300,250,91)
set(48,0,11500,250,91)
set(48,0,11700,250,91)
set(48,0,11900,250,91)
set(48,0,12100,250,91)
set(48,0,12300,250,91)
set(48,0,12500,250,91)
set(48,0,12700,250,91)
set(48,0,12900,250,91)
set(48,0,13100,250,91)
set(48,0,13300,250,91)
set(48,0,13500,250,91)
set(48,0,13700,250,91)
set(48,0,13900,250,91)
set(48,0,14100,250,91)
set(48,0,14300,250,91)
set(48,0,14500,250,91)
set(48,0,14700,250,91)
set(48,0,14900,250,91)
set(48,0,15100,250,91)
set(48,0,15300,250,91)
set(48,0,15500,250,91)
set(48,0,15700,250,91)
set(48,0,15900,250,91)
set(48,0,16100,250,91)
set(48,0,16300,250,91)
set(48,0,16500,250,91)
set(48,0,16700,250,91)
set(48,0,16900,250,91)
set(48,0,17100,250,91)
set(48,0,17300,250,91)
set(48,0,17500,250,91)
set(48,0,17700,250,91)
set(48,0,17900,250,91)

set(48,0,9900,250,91)
set(48,0,9700,250,91)
set(48,0,9500,250,91)
set(48,0,9300,250,91)
set(48,0,9100,250,91)
set(48,0,8900,250,91)
set(48,0,8700,250,91)
set(48,0,8500,250,91)
set(48,0,8300,250,91)
set(48,0,8100,250,91)
set(48,0,7900,250,91)
set(48,0,7700,250,91)
set(48,0,7500,250,91)
set(48,0,7300,250,91)
set(48,0,7100,250,91)
set(48,0,6900,250,91)
set(48,0,6700,250,91)
set(48,0,6500,250,91)
set(48,0,6300,250,91)
set(48,0,6100,250,91)
set(48,0,5900,250,91)
set(48,0,5700,250,91)
set(48,0,5500,250,91)
set(48,0,5300,250,91)

set(40,0,8000,250,0)p
chk(40,0,8000,250,0)
fix(41,0,16000,-3600,0)
fix(41,2000,11000,-500,0)
fix(41,-2000,11000,-500,0)
set(40,0,11000,250,0)p
chk(40,0,11000,250,0)

maxb(7,0,-15000)
maxt(7,18100,-15000)
maxr(7,2800,-5000)
maxl(7,-2800,-5000)

chk(40,0,14000,250,0)
set(40,0,14000,250,0)p

set(45,2000,10000,-3000,0)
set(23,2000,8000,-3000,0)
set(23,2000,11000,-3000,180)
set(45,-2000,10000,-3000,0)
set(23,-2000,8000,-3000,0)
set(23,-2000,11000,-3000,180)

set(23,2000,18000,-500,90)
set(23,-2000,18000,-500,-90)
set(48,0,18770,-500,90)
set(10,0,18000,-500,90)

maxt(0,18000,0)
maxb(0,-58000,0)
maxr(0,18000,0)
maxl(0,-18000,0)