snap(0,0,0)
sky(0,0,0)
ground(0,0,0)
fadefrom(0)
name(The Linear Accelerator)
nlaps(1)

set(26,0,0,250,0)
set(27,0,0,250,0)
set(28,0,0,250,0)
set(29,0,0,250,0)
set(30,0,0,250,0)
set(31,0,0,250,0)
set(32,0,0,250,0)
set(33,0,0,250,0)
set(34,0,0,250,0)
set(35,0,0,250,0)
set(36,0,0,250,0)
set(37,0,0,250,0)
set(38,0,0,250,0)
set(39,0,0,250,0)
set(45,0,0,250,0)
set(46,0,0,250,0)
set(47,0,0,250,0)
set(48,0,0,250,0)
set(49,0,0,250,0)
set(50,0,0,250,0)
set(51,0,0,250,0)
set(52,0,0,250,0)
set(53,0,0,250,0)
set(54,0,0,250,0)
set(55,0,0,250,0)
set(56,0,0,250,0)
set(57,0,0,250,0)
set(59,0,0,250,0)
set(62,0,0,250,0)
set(63,0,0,250,0)
set(78,0,0,250,0)

set(26,0,0,250,180)
set(27,0,0,250,180)
set(28,0,0,250,180)
set(29,0,0,250,180)
set(30,0,0,250,180)
set(31,0,0,250,180)
set(32,0,0,250,180)
set(33,0,0,250,180)
set(34,0,0,250,180)
set(35,0,0,250,180)
set(36,0,0,250,180)
set(37,0,0,250,180)
set(38,0,0,250,180)
set(39,0,0,250,180)
set(45,0,0,250,180)
set(46,0,0,250,180)
set(47,0,0,250,180)
set(48,0,0,250,180)
set(49,0,0,250,180)
set(50,0,0,250,180)
set(51,0,0,250,180)
set(52,0,0,250,180)
set(53,0,0,250,180)
set(54,0,0,250,180)
set(55,0,0,250,180)
set(56,0,0,250,180)
set(57,0,0,250,180)
set(59,0,0,250,180)
set(62,0,0,250,180)
set(63,0,0,250,180)
set(78,0,0,250,180)

set(26,0,0,250,90)
set(27,0,0,250,90)
set(28,0,0,250,90)
set(29,0,0,250,90)
set(30,0,0,250,90)
set(31,0,0,250,90)
set(32,0,0,250,90)
set(33,0,0,250,90)
set(34,0,0,250,90)
set(35,0,0,250,90)
set(36,0,0,250,90)
set(37,0,0,250,90)
set(38,0,0,250,90)
set(39,0,0,250,90)
set(45,0,0,250,90)
set(46,0,0,250,90)
set(47,0,0,250,90)
set(48,0,0,250,90)
set(49,0,0,250,90)
set(50,0,0,250,90)
set(51,0,0,250,90)
set(52,0,0,250,90)
set(53,0,0,250,90)
set(54,0,0,250,90)
set(55,0,0,250,90)
set(56,0,0,250,90)
set(57,0,0,250,90)
set(59,0,0,250,90)
set(62,0,0,250,90)
set(63,0,0,250,90)
set(78,0,0,250,90)

set(26,0,0,250,-90)
set(27,0,0,250,-90)
set(28,0,0,250,-90)
set(29,0,0,250,-90)
set(30,0,0,250,-90)
set(31,0,0,250,-90)
set(32,0,0,250,-90)
set(33,0,0,250,-90)
set(34,0,0,250,-90)
set(35,0,0,250,-90)
set(36,0,0,250,-90)
set(37,0,0,250,-90)
set(38,0,0,250,-90)
set(39,0,0,250,-90)
set(45,0,0,250,-90)
set(46,0,0,250,-90)
set(47,0,0,250,-90)
set(48,0,0,250,-90)
set(49,0,0,250,-90)
set(50,0,0,250,-90)
set(51,0,0,250,-90)
set(52,0,0,250,-90)
set(53,0,0,250,-90)
set(54,0,0,250,-90)
set(55,0,0,250,-90)
set(56,0,0,250,-90)
set(57,0,0,250,-90)
set(59,0,0,250,-90)
set(62,0,0,250,-90)
set(63,0,0,250,-90)
set(78,0,0,250,-90)

set(79,0,0,0,0)
set(79,0,0,0,0)
set(79,0,0,0,0)
set(79,0,0,0,0)
set(79,0,0,0,0)
set(79,0,0,0,0)
set(79,0,0,0,0)
set(79,0,0,0,0)
set(79,0,0,0,0)
set(79,0,0,0,0)
set(79,0,0,0,0)
set(79,0,0,0,0)
set(79,0,0,0,0)
set(79,0,0,0,0)
set(79,0,0,0,0)
set(79,0,0,0,0)
set(79,0,0,0,0)
set(79,0,0,0,0)
set(79,0,0,0,0)
set(79,0,0,0,0)
set(79,0,0,0,0)
set(79,0,0,0,0)
set(79,0,0,0,0)
set(79,0,0,0,0)
set(79,0,0,0,0)
set(79,0,0,0,0)
set(79,0,0,0,0)
set(79,0,0,0,0)
set(79,0,0,0,0)
set(79,0,0,0,0)

set(79,0,0,0,0)
set(79,0,0,0,0)
set(79,0,0,0,0)
set(79,0,0,0,0)
set(79,0,0,0,0)
set(79,0,0,0,0)
set(79,0,0,0,0)
set(79,0,0,0,0)
set(79,0,0,0,0)
set(79,0,0,0,0)
set(79,0,0,0,0)
set(79,0,0,0,0)
set(79,0,0,0,0)
set(79,0,0,0,0)
set(79,0,0,0,0)
set(79,0,0,0,0)
set(79,0,0,0,0)
set(79,0,0,0,0)
set(79,0,0,0,0)
set(79,0,0,0,0)
set(79,0,0,0,0)
set(79,0,0,0,0)
set(79,0,0,0,0)
set(79,0,0,0,0)
set(79,0,0,0,0)
set(79,0,0,0,0)
set(79,0,0,0,0)
set(79,0,0,0,0)
set(79,0,0,0,0)
set(79,0,0,0,0)

chk(40,0,0,250,0)
chk(40,0,0,250,90)
chk(40,0,0,250,0)
chk(40,0,0,250,90)
chk(40,0,0,250,0)
chk(40,0,0,250,90)
chk(40,0,0,250,0)
chk(40,0,0,250,90)

fix(41,0,9900,0,0)
fix(41,9900,9900,0,0)
fix(41,-9900,9900,0,0)
fix(41,0,-9900,0,0)
fix(41,9900,-9900,0,0)
fix(41,-9900,-9900,0,0)
fix(41,9900,0,0,90)
fix(41,9900,9900,0,90)
fix(41,9900,-9900,0,90)
fix(41,-9900,0,0,90)
fix(41,-9900,9900,0,90)
fix(41,-9900,-9900,0,90)

fix(41,0,9900,0,0)
fix(41,9900,9900,0,0)
fix(41,-9900,9900,0,0)
fix(41,0,-9900,0,0)
fix(41,9900,-9900,0,0)
fix(41,-9900,-9900,0,0)
fix(41,9900,0,0,90)
fix(41,9900,9900,0,90)
fix(41,9900,-9900,0,90)
fix(41,-9900,0,0,90)
fix(41,-9900,9900,0,90)
fix(41,-9900,-9900,0,90)

maxb(7,-1000000,-15000)
maxt(7,1000000,-15000)

maxr(419,5000,-1000000)
maxl(419,-5000,-1000000)