snap(100,100,100)
sky(255,60,0) 
ground(255,128,70)
polys(255,255,255)
fadefrom(0)
name(Madness On The Sun)
stars()
nlaps(3)

set(47,0,0,250,0)
set(10,2000,0,250,0)p
set(10,2000,5600,250,0)p
set(10,2000,11200,250,0)p
set(10,2000,16000,250,0)p
set(31,2000,20109,250,0)pr
set(23,2000,21789,250,180)p
fix(41,2000,22000,-1800,0)
set(23,2000,31411,250,0)p
set(50,2000,33091,250,180)
set(10,2000,34091,250,180)
set(10,2000,39200,250,0)p
set(10,2000,44800,250,0)p
set(10,2000,50400,250,0)p
set(10,2000,56000,250,0)p
set(10,2000,61600,250,0)p
set(10,2000,67200,250,0)p
set(10,2000,72800,250,0)p
set(10,2000,77400,250,0)p
set(10,2000,83000,250,0)p
set(10,2000,88600,250,0)p
set(10,2000,94200,250,0)p
set(10,2000,99800,250,0)p
chk(40,2000,99800,250,0)
set(14,2000,104350,250,0)pt
set(10,6550,104350,250,90)p
set(10,12150,104350,250,90)p
set(10,17750,104350,250,90)p
set(10,23350,104350,250,90)p
set(10,28950,104350,250,90)p
set(10,34550,104350,250,90)p
set(10,40150,104350,250,90)p
chk(40,40150,104350,250,90)
set(14,44000,104350,250,-90)pt
set(10,44000,99800,250,0)p
set(10,44000,94200,250,0)p
set(10,44000,88600,250,0)p
set(10,44000,83000,250,0)p
set(10,44000,77400,250,0)p
set(10,44000,72800,250,0)p
set(10,44000,67200,250,0)p
set(10,44000,61600,250,0)p
set(10,44000,56000,250,0)p
set(10,44000,50400,250,0)p
set(10,44000,44800,250,0)p
set(10,44000,39200,250,0)p
set(10,44000,33600,250,0)p
chk(40,44000,33600,250,0)
set(10,44000,32600,250,0)p
set(14,44000,28600,250,180)pt
set(10,40150,28600,250,90)p
set(10,34550,28600,250,90)p
set(10,28950,28600,250,90)p
set(10,23350,28600,250,90)p
set(10,18350,28600,250,90)p
set(10,14250,28600,250,90)p
set(10,8650,28600,250,90)p
set(10,3050,28600,250,90)p
set(31,5800,28600,250,90)pr
set(10,-2550,28600,250,90)p
fix(41,4000,28600,-1800,90)
set(50,-5800,24950,250,-90)
set(10,-6800,24950,250,-90)
set(10,-6550,24950,250,90)p
set(10,-8650,24950,250,90)p
set(10,-14250,24950,250,90)p
set(10,-18350,24950,250,90)p
set(10,-23350,24950,250,90)p
set(10,-28950,24950,250,90)p
set(10,-34550,24950,250,90)p
set(10,-40150,24950,250,90)p
chk(40,-40150,24950,250,90)
set(14,-44000,24950,250,0)pt
set(10,-44000,20400,250,180)p
set(10,-44000,16800,250,180)p
set(10,-44000,11200,250,180)p
set(10,-44000,5600,250,180)p
set(10,-44000,0,250,180)p
set(10,-44000,-5600,250,0)p
set(10,-44000,-11200,250,0)p
set(10,-44000,-16000,250,0)p
set(10,-44000,-18000,250,0)p
set(10,-44000,-22400,250,0)p
set(10,-44000,-28000,250,0)p
set(10,-44000,-33600,250,0)p
set(10,-44000,-39200,250,0)p
chk(40,-44000,-39200,250,0)
set(14,-44000,-43750,250,90)pt
set(10,-40150,-43750,250,90)p
set(10,-34550,-43750,250,90)p
set(10,-28950,-43750,250,90)p
set(10,-23350,-43750,250,90)p
set(10,-17750,-43750,250,90)p
set(10,-12150,-43750,250,90)p
set(10,-6550,-43750,250,90)p
chk(40,-6550,-43750,250,90)
set(14,-2000,-43750,250,180)pt
set(10,-2000,-39200,250,0)p
set(10,-2000,-33600,250,0)p
set(10,-2000,-28000,250,0)p
set(10,-2000,-22400,250,0)p
set(10,-2000,-18000,250,0)p
set(10,-2000,-16000,250,0)p
set(10,-2000,-11200,250,0)p
set(10,-2000,-5600,250,0)p
set(10,-2000,0,250,0)p
set(10,-2000,5600,250,0)p
set(10,-2000,11200,250,0)p
set(10,-2000,16000,250,0)p
set(31,-2000,20109,250,0)pr
set(23,-2000,21789,250,180)p
fix(41,-2000,22000,-1800,0)
set(23,-2000,31411,250,0)p
set(50,-2000,33091,250,180)
set(10,-2000,34091,250,180)
set(10,-2000,39200,250,0)p
set(10,-2000,44800,250,0)p
set(10,-2000,50400,250,0)p
set(10,-2000,56000,250,0)p
set(10,-2000,61600,250,0)p
set(10,-2000,67200,250,0)p
set(10,-2000,72800,250,0)p
set(10,-2000,77400,250,0)p
set(10,-2000,83000,250,0)p
set(10,-2000,88600,250,0)p
set(10,-2000,94200,250,0)p
set(10,-2000,99800,250,0)p
chk(40,-2000,99800,250,0)
set(14,-2000,104350,250,-90)pt
set(10,-6550,104350,250,90)p
set(10,-12150,104350,250,90)p
set(10,-17750,104350,250,90)p
set(10,-23350,104350,250,90)p
set(10,-28950,104350,250,90)p
set(10,-34550,104350,250,90)p
set(10,-40150,104350,250,90)p
chk(40,-40150,104350,250,90)
set(14,-44000,104350,250,0)pt
set(10,-44000,99800,250,0)p
set(10,-44000,94200,250,0)p
set(10,-44000,88600,250,0)p
set(10,-44000,83000,250,0)p
set(10,-44000,77400,250,0)p
set(10,-44000,72800,250,0)p
set(10,-44000,67200,250,0)p
set(10,-44000,61600,250,0)p
set(10,-44000,56000,250,0)p
set(10,-44000,50400,250,0)p
set(10,-44000,44800,250,0)p
set(10,-44000,39200,250,0)p
set(10,-44000,33600,250,0)p
chk(40,-44000,33600,250,0)
set(10,-44000,32600,250,0)p
set(14,-44000,28600,250,90)pt
set(10,-40150,28600,250,90)p
set(10,-34550,28600,250,90)p
set(10,-28950,28600,250,90)p
set(10,-23350,28600,250,90)p
set(10,-18350,28600,250,90)p
set(10,-14250,28600,250,90)pf
set(10,-8650,28600,250,90)p
set(10,-6550,28600,250,90)p
set(31,-5800,28600,250,-90)pr
fix(41,-4000,28600,-1800,90)
set(10,-2550,24950,250,90)p
set(50,5800,24950,250,90)
set(10,6800,24950,250,90)
set(10,3050,24950,250,90)p
set(10,8650,24950,250,90)p
set(10,14250,24950,250,90)p
set(10,18350,24950,250,90)p
set(10,23350,24950,250,90)p
set(10,28950,24950,250,90)p
set(10,34550,24950,250,90)p
set(10,40150,24950,250,90)p
chk(40,40150,24950,250,90)
set(14,44000,24950,250,-90)pt
set(10,44000,20400,250,180)p
set(10,44000,16800,250,180)p
set(10,44000,11200,250,180)p
set(10,44000,5600,250,180)p
set(10,44000,0,250,180)p
set(10,44000,-5600,250,0)p
set(10,44000,-11200,250,0)p
set(10,44000,-16000,250,0)p
set(10,44000,-18000,250,0)p
set(10,44000,-22400,250,0)p
set(10,44000,-28000,250,0)p
set(10,44000,-33600,250,0)p
set(10,44000,-39200,250,0)p
chk(40,44000,-39200,250,0)
set(14,44000,-43750,250,180)pt
set(10,40150,-43750,250,90)p
set(10,34550,-43750,250,90)p
set(10,28950,-43750,250,90)p
set(10,23350,-43750,250,90)p
set(10,17750,-43750,250,90)p
set(10,12150,-43750,250,90)p
set(10,6550,-43750,250,90)p
chk(40,6550,-43750,250,90)
set(14,2000,-43750,250,90)pt
set(10,2000,-39200,250,0)p
set(10,2000,-33600,250,0)p
set(10,2000,-28000,250,0)p
set(10,2000,-22400,250,0)p
set(10,2000,-18000,250,0)p
set(10,2000,-16000,250,0)p
set(10,2000,-11200,250,0)p
set(10,2000,-5600,250,0)p



maxt(0,158000,0)
maxb(0,-158000,0)
maxr(0,158000,0)
maxl(0,-158000,0)