snap(10,-30,-60)
sky(165,10,10)
ground(190,140,105)
polys(255,150,0)
fadefrom(0)
texture(0,0,0,80)
name(Pyramid Paradise)
nlaps(1)

chk(40,0,0,250,0)
chk(40,0,0,250,90)
chk(40,0,0,250,0)
chk(40,0,0,250,90)
chk(40,0,0,250,0)
chk(40,0,0,250,90)
chk(40,0,0,250,0)
chk(40,0,0,250,90)
chk(40,0,0,250,0)
chk(40,0,0,250,90)
chk(40,0,0,250,0)
chk(40,0,0,250,90)
chk(40,0,0,250,0)
chk(40,0,0,250,90)
chk(40,0,0,250,0)
chk(40,0,0,250,90)

set(77,-1000000000,0,-200000000,0)

fix(41,0,0,0,0)

set(78,0,0,250,0)
set(78,0,0,250,0)
set(78,0,0,250,0)
set(78,0,0,250,0)
set(78,0,0,250,0)
set(78,0,0,250,0)
set(78,0,0,250,0)
set(78,0,0,250,0)
set(78,0,0,250,0)
set(78,0,0,250,0)
set(78,0,0,250,0)
set(78,0,0,250,0)
set(78,0,0,250,0)
set(78,0,0,250,0)
set(78,0,0,250,0)
set(78,0,0,250,0)
set(78,0,0,250,0)
set(78,0,0,250,0)
set(78,0,0,250,0)
set(78,0,0,250,0)
set(78,0,0,250,0)
set(78,0,0,250,0)
set(78,0,0,250,0)
set(78,0,0,250,0)
set(78,0,0,250,0)
set(78,0,0,250,0)
set(78,0,0,250,0)
set(78,0,0,250,0)
set(78,0,0,250,0)
set(78,0,0,250,0)
set(78,0,0,250,0)
set(78,0,0,250,0)
set(78,0,0,250,0)
set(78,0,0,250,0)
set(78,0,0,250,0)
set(78,0,0,250,0)
set(78,0,0,250,0)
set(78,0,0,250,0)
set(78,0,0,250,0)
set(78,0,0,250,0)
set(78,0,0,250,0)
set(78,0,0,250,0)
set(78,0,0,250,0)
set(78,0,0,250,0)
set(78,0,0,250,0)
set(78,0,0,250,0)
set(78,0,0,250,0)
set(78,0,0,250,0)
set(78,0,0,250,0)
set(78,0,0,250,0)
set(78,0,0,250,0)
set(78,0,0,250,0)
set(78,0,0,250,0)
set(78,0,0,250,0)
set(78,0,0,250,0)
set(78,0,0,250,0)
set(78,0,0,250,0)
set(78,0,0,250,0)
set(78,0,0,250,0)
set(78,0,0,250,0)
set(78,0,0,250,0)
set(78,0,0,250,0)
set(78,0,0,250,0)
set(78,0,0,250,0)
set(78,0,0,250,0)
set(78,0,0,250,0)
set(78,0,0,250,0)
set(78,0,0,250,0)
set(78,0,0,250,0)
set(78,0,0,250,0)
set(78,0,0,250,0)
set(78,0,0,250,0)
set(78,0,0,250,0)
set(78,0,0,250,0)
set(78,0,0,250,0)
set(78,0,0,250,0)
set(78,0,0,250,0)
set(78,0,0,250,0)
set(78,0,0,250,0)
set(78,0,0,250,0)
set(78,0,0,250,0)
set(78,0,0,250,0)
set(78,0,0,250,0)
set(78,0,0,250,0)
set(78,0,0,250,0)
set(78,0,0,250,0)
set(78,0,0,250,0)
set(78,0,0,250,0)
set(78,0,0,250,0)
set(78,0,0,250,0)
set(78,0,0,250,0)
set(78,0,0,250,0)
set(78,0,0,250,0)
set(78,0,0,250,0)
set(78,0,0,250,0)
set(78,0,0,250,0)
set(78,0,0,250,0)
set(78,0,0,250,0)
set(78,0,0,250,0)
set(78,0,0,250,0)
set(78,0,0,250,0)
set(78,0,0,250,0)
set(78,0,0,250,0)
set(78,0,0,250,0)
set(78,0,0,250,0)
set(78,0,0,250,0)
set(78,0,0,250,0)
set(78,0,0,250,0)
set(78,0,0,250,0)
set(78,0,0,250,0)
set(78,0,0,250,0)
set(78,0,0,250,0)
set(78,0,0,250,0)
set(78,0,0,250,0)
set(78,0,0,250,0)
set(78,0,0,250,0)
set(78,0,0,250,0)
set(78,0,0,250,0)
set(78,0,0,250,0)
set(78,0,0,250,0)
set(78,0,0,250,0)
set(78,0,0,250,0)
set(78,0,0,250,0)
set(78,0,0,250,0)
set(78,0,0,250,0)
set(78,0,0,250,0)
set(78,0,0,250,0)
set(78,0,0,250,0)
set(78,0,0,250,0)
set(78,0,0,250,0)
set(78,0,0,250,0)
set(78,0,0,250,0)
set(78,0,0,250,0)
set(78,0,0,250,0)
set(78,0,0,250,0)
set(78,0,0,250,0)
set(78,0,0,250,0)
set(78,0,0,250,0)
set(78,0,0,250,0)
set(78,0,0,250,0)
set(78,0,0,250,0)

set(60,0,0,250,0)
set(60,0,0,250,0)
set(60,0,0,250,0)
set(60,0,0,250,0)
set(60,0,0,250,0)
set(60,0,0,250,0)
set(60,0,0,250,0)
set(60,0,0,250,0)
set(60,0,0,250,0)
set(60,0,0,250,0)

maxt(0,120000,0)
maxb(0,-120000,0)
maxr(0,120000,0)
maxl(0,-120000,0)