snap(-90,-90,-90)
sky(0,0,0)
ground(0,0,0)
mountains(20)
stars()
fadefrom(0)
lights()
name(Dark Dragrace Of Death)
nlaps(1)

fix(41,0,120000,-10000,0)

maxr(64,1000,0)
maxl(64,-1000,0)
maxt(1,304000,0)
maxb(1,-2000,0)

set(47,0,0,250,0)
set(10,0,0,250,0)p
set(10,0,5000,250,0)p
set(10,0,10000,250,0)p
set(20,0,15000,250,180)p
set(15,0,20000,250,0)p
set(33,0,20000,250,0)pr
set(44,0,25000,250,180)p
set(44,0,30000,250,0)p
set(20,0,35000,250,0)p
set(10,0,40000,250,0)p
set(29,0,40000,250,0)pr
set(10,0,45000,250,0)p
set(10,0,50000,250,0)p
set(20,0,55000,250,180)p
set(16,0,60000,250,0)p
set(21,0,65000,250,0)p
set(18,0,70000,250,0)p
set(18,0,75000,250,0)p
set(21,0,80000,250,180)p
set(16,0,85000,250,0)p
set(20,0,90000,250,0)p
set(57,400,95000,250,0)
set(57,-400,95000,250,0)
set(10,0,95000,250,0)p
set(10,0,100000,250,0)p
set(31,1000,100000,250,0)
set(31,-1000,100000,250,0)
set(57,400,108500,250,0)
set(57,-400,108500,250,0)
set(10,0,105000,250,0)p
set(10,0,110000,250,0)p
set(10,0,115000,250,0)p
set(10,0,120000,250,0)p
set(10,0,125000,250,0)p
set(10,0,130000,250,0)p
set(10,0,135000,250,0)p
set(10,0,140000,250,0)p
set(10,0,145100,250,0)p
set(10,0,150000,250,0)p
set(28,0,150000,250,1)pr
set(20,0,154900,250,180)p
set(44,0,160000,250,180)p
set(43,0,165000,250,0)p
set(43,0,170000,250,0)p
set(43,0,175000,250,0)p
set(44,0,180000,250,0)p
set(21,0,185000,250,0)p
set(18,0,190000,250,0)p
set(21,0,195000,250,180)p
set(20,0,200000,250,0)p
set(20,0,205000,250,180)p
set(15,0,210000,250,0)p
set(15,0,215000,250,0)p
set(16,0,220000,250,0)p
set(16,0,225000,250,0)p
set(16,0,230000,250,0)p
set(44,0,235000,250,180)p
set(43,0,240000,250,0)p
set(43,0,245000,250,0)p
set(43,0,250000,250,0)p
set(44,0,255000,250,0)p
set(16,0,260000,250,0)p
set(21,0,265000,250,0)p
set(18,0,270000,250,0)p
set(18,0,275000,250,0)p
set(18,0,280000,250,0)p
set(21,0,285000,250,180)p
set(16,0,290000,250,0)p
set(20,0,295000,250,0)p
set(10,0,300000,250,0)
chk(40,0,300000,250,0)
set(23,0,302000,250,180)

set(32,0,202500,250,180)pr

set(31,1000,103500,250,180)
set(31,-1000,103500,250,180)
chk(40,0,-800,250,0)
set(23,0,-2800,250,0)p
