name(The Maze)
snap(0,0,0)
sky(0,0,0)
ground(50,50,50)
fadefrom(0)
nlaps(2)

set(47,0,0,250,0)
set(48,0,-5000,250,0)
set(48,1000,0,250,0)
set(48,1000,7000,250,0)
set(48,1000,10200,250,0)

set(48,5500,4000,250,90)
set(48,8300,6800,250,0)
set(48,9500,6800,250,0)

chk(40,10600,4000,250,90)
set(48,11600,4000,250,0)

set(48,3800,2800,250,90)
set(48,3800,5200,250,90)
set(48,3800,7200,250,90)
set(48,3800,11500,250,90)
set(48,5600,8200,250,90)
fix(41,10600,8200,250,90)

chk(40,5600,9500,250,0)
set(38,5600,9500,250,90)

set(48,8800,2800,250,90)
set(48,8800,6200,250,90)
set(48,8800,1200,250,0)

set(48,11600,9200,250,0)
set(48,11600,10200,250,0)

set(48,-1000,-100,250,0)
set(48,-1000,6200,250,0)
set(48,-1000,9800,250,90)
set(48,-3000,7800,250,0)
set(48,-3000,3500,250,90)
set(48,-3800,2700,250,90)
set(48,-6700,4700,250,0)
set(48,-6700,9700,250,0)
set(48,-6700,14700,250,0)
set(48,-6700,15700,250,0)
set(48,-4700,15700,250,90)
set(48,900,15700,250,90)
set(48,6000,15700,250,90)
set(48,1900,14700,250,90)
set(48,7000,14700,250,90)
set(48,9600,14000,250,0)
set(48,6800,16800,250,90)
set(48,2000,16800,250,90)
set(48,-3000,16800,250,90)
set(48,-5800,19600,250,0)
fix(41,-6200,17800,0,90)
set(48,-5000,18500,250,90)

set(48,-5800,6300,250,0)
set(48,-5800,11200,250,0)

set(48,8800,13000,250,90)
set(48,7000,13000,250,90)
set(48,2000,13000,250,90)
set(48,-3000,13000,250,90)
chk(40,6000,14000,250,0)
set(48,0,14000,250,90)
set(48,-3000,14000,250,90)
set(32,-5000,13500,250,90)

set(48,-7700,4700,250,0)
set(48,-7700,9700,250,0)
set(48,-10000,15700,250,90)
set(48,-9500,16700,250,90)

set(48,-11900,5700,250,0)
set(48,-11900,10700,250,0)
set(48,-11900,15700,250,0)

set(36,-10900,12000,250,90)
set(36,-8900,5000,250,-90)

set(48,-6700,0,250,0)
chk(40,-7200,0,250,90)
set(48,-7700,2000,250,0)
set(48,-10500,-700,250,90)

set(37,-7500,-2000,250,90)
set(37,-8500,-1400,250,90)
set(37,-9500,-2000,250,90)
set(37,-10500,-1400,250,90)
set(37,-11500,-2000,250,90)
set(37,-12500,-1400,250,90)

set(48,-9500,-2700,250,90)
set(48,-14000,-2700,250,90)

set(48,-13200,11900,250,0)
set(48,-14200,10900,250,0)
set(48,-14200,5900,250,0)

set(48,-16000,14700,250,90)
set(48,-12000,15700,250,90)

set(48,-13200,19900,250,0)

set(48,-8000,18500,250,90)
set(52,-8000,17700,250,-90)

set(48,1000,18500,250,90)
set(48,6000,18500,250,90)
set(48,11000,18500,250,90)

set(48,9600,16000,250,0)

set(48,13800,15000,250,0)
set(48,12950,17000,250,90)

set(48,10000,14700,250,90)
chk(40,11000,13800,250,0)
set(37,11000,13800,250,90)

set(48,12000,10300,250,90)
set(48,16000,8250,250,90)
set(48,12000,6200,250,90)
set(48,15000,1200,250,0)
set(48,12200,-1600,250,90)

set(48,14000,3400,250,0)
set(48,13000,1200,250,0)

set(37,15500,0,250,90)

set(48,10200,-900,250,0)
set(48,13000,-2900,250,90)
set(48,14000,-2900,250,90)

set(48,6000,-3900,250,90)
set(48,2800,-3900,250,90)

set(48,6000,-4900,250,90)
set(48,2800,-4900,250,90)

chk(40,7700,-5400,250,0)

set(38,9500,-5100,250,0)
set(38,9500,-5400,250,0)
set(38,9500,-5700,250,0)

set(48,6000,-5900,250,90)
set(48,3800,-5900,250,90)

set(48,6000,-6900,250,90)
set(48,2800,-6900,250,90)

set(48,6200,-7900,250,90)
set(48,3800,-7900,250,90)

set(48,0,-10000,250,0)
set(48,-2800,-12800,250,90)
set(48,-5600,-13000,250,0)
set(48,-5600,-13800,250,0)

set(48,3800,-8900,250,90)
set(48,5200,-8900,250,90)
set(49,7400,-10400,250,180)
set(49,7400,-11140,250,180)
set(48,5200,-12500,250,90)

set(48,1000,-11700,250,0)
set(48,2000,-11700,250,0)
set(48,2000,-13700,250,0)
set(48,-800,-15500,250,90)
set(48,-1800,-15500,250,90)
set(48,-2800,-16500,250,90)
set(48,-800,-16500,250,90)

set(48,8000,-1000,250,0)
set(48,7000,0,250,0)
set(48,6000,-1000,250,0)
set(48,5000,0,250,0)
set(48,4000,-1000,250,0)
set(48,3000,0,250,0)
set(48,2000,-1000,250,0)


set(48,12200,-4200,250,90)

set(57,12630,-8000,250,0)
set(57,12630,-11000,250,0)
set(57,12630,-12600,250,0)
set(57,14030,-8000,250,0)
set(57,14030,-11000,250,0)
set(57,14030,-14000,250,0)
set(57,10100,-15100,250,90)
fix(54,10100,-15400,-150,90)
set(56,7600,-15100,250,0)

set(56,14030,-16500,250,90)
set(48,12100,-17270,250,90)
set(57,10100,-16500,250,90)

set(48,11000,-10000,250,0)
set(48,10000,-10000,250,0)
set(48,10000,-11500,250,0)

set(48,9000,-10700,250,0)
set(48,6200,-13500,250,90)
set(48,3400,-16000,250,0)

set(48,15000,-7000,250,0)
set(48,15000,-12000,250,0)
set(48,15000,-16000,250,0)
set(48,12200,-18800,250,90)
set(48,7200,-18800,250,90)
set(48,2200,-18800,250,90)
fix(41,0,-19200,250,0)
set(48,-2200,-18800,250,90)
set(48,-7200,-18800,250,90)
set(48,-12200,-18800,250,90)
set(48,-15000,-16000,250,0)
set(48,-15000,-12000,250,0)
set(48,-15000,-7000,250,0)

set(48,-1200,-17800,250,90)
set(48,-6200,-17800,250,90)
set(48,-11200,-17800,250,90)
set(48,-14000,-15000,250,0)
set(48,-14000,-10000,250,0)
set(48,-14000,-8000,250,0)
set(48,-13000,-14000,250,0)
set(48,-13000,-10000,250,0)
set(48,-13000,-7000,250,0)
set(48,-12000,-15000,250,0)
set(48,-12000,-10000,250,0)
set(48,-12000,-7000,250,0)

set(48,-12200,-4200,250,90)

chk(40,-6600,-17700,250,90)

set(48,-6600,-13000,250,0)
set(48,-7600,-14000,250,0)
set(48,-8600,-13000,250,0)
set(48,-9600,-14000,250,0)
set(48,-10600,-13000,250,0)
set(48,-8800,-16800,250,90)

set(48,-8400,-10200,250,90)

set(76,-11000,-9300,250,90)
set(76,-10000,-8300,250,90)
set(76,-10000,-7300,250,90)
set(76,-11000,-6300,250,90)

set(76,-9000,-9300,250,90)
set(76,-8000,-8300,250,90)
set(76,-8000,-7300,250,90)
set(76,-9000,-6300,250,90)
chk(40,-9000,-7800,250,90)

set(76,-7000,-9300,250,90)
set(76,-7000,-6300,250,90)
set(48,-6000,-6300,250,0)
set(76,-5750,-3000,250,90)

set(76,-10000,-5300,250,0)
set(76,-8300,-5300,250,0)
set(76,-7300,-4600,250,90)
set(76,-7300,-3600,250,90)

set(76,-5750,-1500,250,90)
set(76,-4750,-700,250,90)
set(76,-3750,-1500,250,90)
set(76,-2750,-700,250,90)
set(48,-3800,0,250,90)
chk(40,-1800,-1000,250,90)

set(76,-4800,-8200,250,90)
set(76,-4800,-6200,250,90)
set(76,-4800,-4200,250,90)
set(76,-4800,-3000,250,90)
set(76,-3800,-7200,250,0)
set(76,-2800,-6200,250,0)
set(76,-3800,-5200,250,0)
set(76,-3000,-3800,250,0)

set(76,-3000,-9200,250,0)
set(76,-2000,-8200,250,90)
set(76,-2000,-6500,250,90)
set(76,-2000,-4800,250,90)
set(76,-1900,-3800,250,0)

set(48,-3800,-10200,250,90)
set(37,-3800,-11500,250,0)
set(37,-3800,-11500,250,90)
set(38,-3800,-11500,250,0)
set(38,-3800,-11500,250,90)
chk(40,-3800,-11500,250,0)

set(48,-1000,-9200,250,0)
set(48,-1000,-6600,250,0)
set(48,-2800,-2200,250,90)
set(32,-500,-2700,250,0)

maaxt(9,19600,-20000)
maaxb(9,-19600,-20000)
maaxr(9,16000,-20000)
maaxl(9,-16000,-20000)