snap(-70,-70,-70)
sky(500,150,0)
ground(100,100,100)
clouds(400,150,0,0,-100)
texture(0,0,0,0)
polys(140,100,100)
mountains(142)
fadefrom(0)
lights()
name(The Nuclear Threat)
nlaps(0)

maxt(0,10000,0)
maxb(0,-10000,0)
maxr(0,10000,0)
maxl(0,-10000,0)

set(28,7500,0,250,90)
set(28,-7500,0,250,-90)
set(34,0,7500,250,0)
set(34,0,-7500,250,180)

set(20,0,5600,250,180)
set(20,-5600,0,250,90)
set(20,5600,0,250,-90)
set(20,0,-5600,250,0)

set(24,0,8400,250,0)
set(24,0,-8400,250,180)

set(23,8400,0,250,90)
set(23,-8400,0,250,-90)

set(10,0,0,250,0)p
set(15,0,0,250,90)p