snap(-50,-50,-50)
sky(56,56,56)
fog(0,0,0)
ground(56,56,56)
fadefrom(2000)
lights()
name(The Tunnel Of Doom)
nlaps(2)

maxr(3,600,-8600)
maxr(1,600,5400)
maxl(5,-600,-10600)
set(10,0,5000,250,0)p
chk(40,0,7000,250,0)
set(14,0,8500,250,0)pt
maxt(2,9100,1600)
maxt(1,9100,7600)
set(10,4000,8500,250,90)p
set(10,6000,8500,250,90)p
set(10,7000,8500,250,90)p
maxb(3,7900,3150)
maxr(2,11800,10000)
set(14,11300,8500,250,180)pt
chk(40,11300,10250,250,0)
set(14,11300,12000,250,-90)pt
maxb(1,11400,8000)
maxb(2,11400,0)
maxt(4,12600,-2000)
set(10,7000,12000,250,90)p
set(10,6000,12000,250,90)p
set(10,2000,12000,250,90)p
set(10,0,12000,250,90)p
chk(40,-2100,12000,250,90)
set(14,-3500,12000,250,0)pt
set(10,-3500,7500,250,0)p
maxl(6,-4100,-10300)
maxr(5,-2900,-14700)
maxr(1,-2900,8700)
set(10,-3500,5500,250,0)p
set(10,-3500,500,250,0)p
set(10,-3500,-4500,250,0)p
set(10,-3500,-9500,250,0)p
chk(40,-3500,-12500,250,0)
set(14,-3500,-13500,250,180)pt
set(10,-7500,-13500,250,90)p
set(10,-11500,-13500,250,90)p
maxt(3,-12900,-16200)
maxl(2,-15800,-19000)
maxb(7,-18600,-16200)
set(14,-15000,-13500,250,0)pt
chk(40,-15100,-14250,250,0)
set(14,-15000,-15000,250,90)pt
set(10,-11500,-15000,250,90)p
set(10,-7500,-15000,250,90)p
set(14,-3600,-15000,250,-90)pt
chk(40,-3600,-15750,250,0)
set(14,-3600,-16500,250,180)pt
set(10,-7500,-16500,250,90)p
set(10,-11500,-16500,250,90)p
set(14,-15000,-16500,250,0)pt
chk(40,-15100,-17250,250,0)
set(14,-15000,-18000,250,90)pt
set(10,-11500,-18000,250,90)p
set(10,-7500,-18000,250,90)p
set(10,-2000,-18000,250,90)p
set(10,0,-18000,250,90)p
maxt(3,-17400,-200)
maxt(1,-17400,10500)
set(10,5000,-18000,250,90)p
set(10,7000,-18000,250,90)p
set(37,7000,-18000,250,90)pr
set(37,8000,-18000,250,90)pr
set(37,9000,-18000,250,90)pr
set(10,10000,-18000,250,90)
set(37,10000,-18000,250,90)pr
set(37,11000,-18000,250,90)pr
set(37,12000,-18000,250,90)pr
chk(40,13000,-18000,250,90)
set(14,14000,-18000,250,180)pt
maxl(3,13400,-14900)
maxl(1,13400,-3200)
set(10,14000,-14000,250,0)p
set(10,14000,-9000,250,0)p
set(10,14000,-4000,250,0)p
chk(40,14000,-1300,250,0)
set(14,14000,0,250,-90)pt
maxb(2,-600,5800)
maxt(3,600,5800)
set(10,10000,0,250,90)p
set(30,5000,0,250,90)p
set(30,1500,0,-300,90)p
set(11,-2500,0,-900,90)p
chk(40,-2500,0,-900,90)
set(30,-6500,0,-300,-90)p
set(30,-10000,0,250,-90)p
set(10,-15000,0,250,90)p
chk(40,-17800,0,250,90)
maxb(2,-600,-17800)
maxt(2,600,-15800)
set(14,-19000,0,250,90)pt
maxl(4,-19600,-5000)
maxr(1,-18400,3300)
maxr(1,-18400,4900)
set(10,-19000,4000,250,0)p
fix(41,-19000,4000,0,0)
chk(40,-19000,6800,250,0)
set(14,-19000,8000,250,0)pt
set(10,-15000,8000,250,90)p
maxt(4,8600,-21700)
maxb(2,7400,-15800)
maxb(1,7400,-9400)
set(10,-10000,8000,250,90)p
chk(40,-7200,8000,250,90)
set(14,-6000,8000,250,-90)pt
maxr(4,-5400,-2000)
maxl(1,-6600,4700)
maxl(2,-6600,0)
set(10,-6000,4000,250,0)p
set(10,-6000,0,250,0)p
set(48,-5230,-1900,250,0)
chk(40,-6000,-1940,250,0)
set(37,-6000,-1940,250,0)
set(14,-6000,-3140,250,180)pt
maxt(3,-2540,-18900)
set(48,-8000,-3740,250,90)
set(10,-10000,-3140,250,90)p
set(10,-15000,-3140,250,90)p
chk(40,-17800,-3140,250,90)
set(14,-19000,-3140,250,0)pt
set(37,-17200,-3890,250,0)
set(14,-19000,-4640,250,90)pt
chk(40,-17800,-4640,250,90)
maxb(3,-5300,-17500)
set(10,-15000,-4640,250,90)p
set(30,-10000,-4640,250,-90)p
set(30,-6500,-4640,-300,-90)p
chk(40,-2500,-4640,-900,90)
set(11,-2500,-4640,-900,90)p
set(30,1500,-4640,-300,90)p
set(30,5000,-4640,250,90)p
set(10,7000,-4640,250,90)p
maxb(2,-5240,3100)
maxt(2,-4040,4500)
chk(40,9800,-4640,250,90)
set(14,11000,-4640,250,-90)pt
set(10,11000,-8270,250,0)
set(37,11000,-8270,250,0)pr
maxr(2,11600,-11000)
maxl(1,10400,-7800)
maxl(1,10400,-8800)
chk(40,11000,-10700,250,0)
set(14,11000,-11900,250,180)pt
maxt(2,-11240,3100)
set(10,7000,-11900,250,90)p
set(10,4000,-11900,250,90)p
set(37,1500,-11900,250,90)pr
chk(40,1500,-11900,250,90)
set(14,0,-11900,250,90)pt
set(10,0,-8000,250,0)
set(37,0,-8000,250,0)pr
set(10,0,-4000,250,0)
set(37,0,-4000,250,0)pr

maxr(1,-800,-14900)
maxr(6,14600,-20900)

maxb(2,-12500,1600)
maxb(1,-12500,9600)


set(57,0,0,250,0)
set(57,0,3000,250,0)
set(57,0,6000,250,0)

set(57,-1500,8000,250,0)

set(57,2500,8500,250,90)

set(57,500,10000,250,90)
set(57,5500,8500,250,90)
set(57,8500,8500,250,90)

set(57,11500,7000,250,90)

set(57,12800,9000,250,0)
set(56,9500,10000,250,0)
set(56,9500,10400,250,0)
set(57,12800,11500,250,0)

set(57,8500,12000,250,90)
set(57,5500,12000,250,90)
set(57,4500,12000,250,90)

set(57,2000,12000,250,90)
set(57,-1000,12000,250,90)

set(57,10500,13500,250,90)
set(57,-2500,13500,250,90)
set(57,-5000,10500,250,0)
set(57,-5000,13500,250,0)

set(57,-3500,9500,250,0)
set(57,-3500,6900,250,0)
set(57,-3500,4500,250,0)
set(57,-3500,1500,250,0)
set(57,-3500,-1500,250,0)
set(57,-3500,-5000,250,0)
set(57,-3500,-8500,250,0)
set(57,-3500,-10950,250,0)

set(57,-6100,-13500,250,90)
set(57,-9500,-13500,250,90)
set(57,-12500,-13500,250,90)

set(57,-6100,-15000,250,90)
set(57,-9500,-15000,250,90)
set(57,-12500,-15000,250,90)

set(57,-6100,-16500,250,90)
set(57,-9500,-16500,250,90)
set(57,-12500,-16500,250,90)

set(57,-6100,-18000,250,90)
set(57,-9500,-18000,250,90)
set(57,-12500,-18000,250,90)

set(57,-2000,-14000,250,0)
set(57,-2000,-15500,250,0)

set(57,-15000,-11800,250,90)
set(57,-16900,-14000,250,0)
set(57,-16900,-17000,250,0)
set(57,-15000,-19600,250,90)
set(57,-3300,-19600,250,90)
set(56,-1100,-18000,250,90)

set(57,-1000,-16500,250,90)
set(57,1000,-18000,250,90)
set(57,4500,-18000,250,90)
set(57,8000,-18000,250,90)
set(57,11450,-18000,250,90)

set(57,13200,-19600,250,90)
set(57,15600,-18450,250,0)

set(57,14000,-15450,250,0)
set(57,14000,-13750,250,0)
set(57,14000,-10350,250,0)
set(57,14000,-8050,250,0)
set(57,14000,-8050,250,0)
set(57,14000,-4950,250,0)
set(57,14000,-2590,250,0)

set(57,15600,0,250,0)
set(57,14000,1600,250,90)

set(57,11400,0,250,90)
set(57,8300,0,250,90)

set(57,-13300,0,250,90)
set(57,-16450,0,250,90)

set(57,-18450,-1600,250,90)
set(57,-20550,0,250,0)

set(57,-19000,2550,250,0)
set(57,-19000,5550,250,0)

set(57,-20600,8550,250,0)
set(57,-19500,9600,250,90)
set(57,-6300,9600,250,90)

set(57,-16500,8000,250,90)
set(57,-13200,8000,250,90)
set(57,-9900,8000,250,90)
set(57,-8500,8000,250,90)

set(57,-6000,5500,250,0)
set(57,-6000,2000,250,0)
set(57,-6000,-600,250,0)

set(57,-6500,-4740,250,90)

set(57,-8500,-3140,250,90)
set(57,-11800,-3140,250,90)
set(57,-15100,-3140,250,90)

set(57,-15100,-4640,250,90)
set(57,-11800,-6180,250,90)
set(57,-8500,-6180,250,90)

set(57,-20900,-3890,250,0)

set(57,-18500,-6220,250,90)

set(57,8500,-4640,250,90)
set(57,10500,-3100,250,90)

set(57,12540,-5140,250,0)
set(57,11000,-7140,250,0)
set(57,11000,-9440,250,0)
set(57,12540,-11140,250,0)

set(57,10540,-13440,250,90)
set(57,8540,-11900,250,90)
set(57,5240,-11900,250,90)
set(57,2540,-11900,250,90)
set(57,1100,-13440,250,90)

set(57,0,-14400,250,0)
set(57,0,-15440,250,0)

set(57,0,-9400,250,0)
set(57,0,-6600,250,0)
set(57,0,-3300,250,0)

set(57,-1500,-12800,250,0)

set(10,0,0,250,0)p