snap(-50,-60,-80)
sky(255,200,225)
ground(90,65,30)
polys(100,75,40)
mountains(100000)
fadefrom(0)
name(Your Last Stand)
nlaps(1)
lights()

set(61,-1000000000,-1000000000,-250000000,-45)

set(65,5000,-5000,250,0)
set(67,5000,-6000,250,90)
set(69,7000,-6000,250,90)
set(66,7000,-7000,250,0)
set(67,7000,-5000,250,-90)
set(66,6000,-7000,250,0)
set(69,6000,-5000,250,180)
set(66,5000,-7000,250,180)
set(65,-5000,-5000,250,0)
set(67,-5000,-6000,250,180)
set(69,-7000,-6000,250,0)
set(68,-7000,-7000,250,180)
set(68,-7000,-5000,250,-90)
set(65,-6000,-7000,250,0)
set(66,-6000,-5000,250,90)
set(65,-5000,-7000,250,0)
set(10,0,5600,250,0)p
set(54,-500,5600,250,0)
set(54,500,5600,250,0)
set(10,0,11200,250,0)p
set(30,0,12200,250,0)pr
set(30,0,18000,250,180)
set(10,0,20000,250,0)p
set(10,0,25600,250,0)p
chk(40,0,25600,250,0)
set(14,0,30000,250,0)pt
set(11,4100,30000,250,90)p
set(14,8500,30000,250,-90)pt
chk(40,6988,25410,250,-30)
set(12,6988,25410,250,-30)p
set(12,3768,20010,250,-35)p
set(30,2000,17500,250,145)pr
set(30,-2000,12700,250,-35)
set(12,-3768,10010,250,-35)p
set(12,-6988,4610,250,-30)p
chk(40,-6988,4610,250,-30)
set(14,-8500,20,250,90)pt
set(10,-4500,20,250,90)p
set(30,-2500,20,250,-90)pr
set(10,0,20,250,90)p
chk(40,0,20,-600,90)
set(30,2500,20,250,90)
set(10,4500,20,250,90)p
set(14,8500,20,250,180)pt
chk(40,6988,4610,250,30)
set(13,6988,4610,250,30)p
set(13,3768,10010,250,35)p
set(30,2000,12700,250,35)pr
set(30,-2000,17500,250,-145)
set(13,-3768,20010,250,35)p
set(13,-6988,25410,250,30)p
chk(40,-6988,25410,250,30)
set(14,-8500,30000,250,-90)pt
set(36,-10500,31900,250,0)
chk(40,-10500,31900,250,0)
set(36,-9000,31400,250,-30)
set(36,-12000,31400,250,30)
set(36,-13200,30400,250,45)
set(36,-14000,29000,250,70)
set(36,-14300,27400,250,90)
set(36,-10700,27400,250,-90)
set(36,-14300,25500,250,90)
set(36,-10700,23600,250,-90)
set(36,-14300,21700,250,90)
set(36,-10700,19800,250,-90)
set(36,-14300,17900,250,90)
set(22,-10500,30000,250,-90)p
set(19,-12500,30000,250,0)pt
set(18,-12500,26000,250,0)p
set(18,-12500,22500,250,0)p
set(18,-12500,19000,250,0)p
set(19,-12500,15100,250,90)pt
set(22,-10500,15100,250,-90)p
chk(40,-10500,15100,250,90)
set(10,-7500,15100,250,90)p
set(30,-3200,15100,250,-90)pr
set(30,3200,15100,250,90)
set(10,8000,15100,250,90)p
chk(40,10500,15100,250,90)
set(14,12500,15100,250,-90)pt
set(10,12500,11000,250,0)p
set(31,12500,10000,250,180)pr
set(31,12500,6000,250,0)
set(10,12500,5500,250,0)p
set(10,12500,0,250,0)p
chk(38,12500,-2000,250,0)
set(14,12500,-4000,250,90)pt
set(14,15500,-4000,250,-90)pt
chk(38,15500,-5500,250,0)
set(37,14100,-5500,250,0)
set(37,13800,-5500,250,0)
set(37,13200,-5500,250,0)
set(37,12900,-5500,250,0)
set(37,16000,-3800,250,90)
set(37,16000,-4100,250,90)
set(37,16000,-4700,250,90)
set(37,16000,-5000,250,90)
set(14,15500,-7000,250,180)pt
set(14,12500,-7000,250,0)pt
set(38,12500,-9000,250,0)
chk(40,12500,-9000,250,0)
set(37,15100,-9000,250,0)
set(37,14800,-9000,250,0)
set(37,14200,-9000,250,0)
set(37,13900,-9000,250,0)
set(37,16300,-6250,250,90)
set(37,16100,-6600,250,90)
set(37,15900,-7200,250,90)
set(37,15700,-7500,250,90)
set(37,15500,-8000,250,90)
set(37,15300,-8300,250,90)
set(11,12500,-11000,250,0)p
chk(40,12100,-14600,250,-45)
set(37,12100,-14600,250,45)
set(14,12500,-15000,250,180)pt
set(37,12000,-16000,250,0)
set(37,12000,-15500,-400,0)
set(10,8500,-15000,250,-90)p
set(10,4500,-15000,250,90)p
set(32,3500,-15000,250,90)
set(10,0,-15000,250,90)p
set(57,0,-15000,250,90)p
chk(40,0,-15000,250,90)
set(32,-3500,-15000,250,-90)
set(10,-5000,-15000,250,90)p
set(10,-7000,-15000,250,90)p
set(22,-10200,-15000,250,-90)p
set(19,-12500,-15000,250,90)pt
chk(40,-14300,-15000,250,90)

set(18,-12500,-11000,250,0)p
set(18,-12500,-6000,250,0)p
set(18,-12500,-1000,250,0)p
set(18,-12500,1400,250,0)p
set(22,-12500,4650,250,0)p
set(10,-12500,8000,250,0)p
set(26,-12500,6000,250,0)pr
set(26,-12500,7000,-325,0)
set(26,-12500,8000,-325,180)
set(26,-12500,9000,250,180)

set(14,-12500,12000,250,-90)pt
chk(40,-14000,12000,250,90)
set(14,-15500,12000,250,0)pt

set(10,-15500,8000,250,0)p
set(26,-16000,5000,250,180)pr
set(26,-15000,5000,250,180)pr
set(23,-15500,5300,250,0)p

set(22,-15500,4300,250,0)p
chk(40,-16000,-2000,-500,0)
set(37,-15000,-2000,-500,0)
chk(40,-15000,-4000,-500,0)
set(37,-16000,-4000,-500,0)
chk(40,-16000,-6000,-500,0)
set(37,-15000,-6000,-500,0)
chk(40,-15000,-8000,-500,0)
set(37,-16000,-8000,-500,0)
set(27,-15500,-15000,-520,180)pr

set(37,-14500,-25000,-3000,0)
set(37,-16500,-25000,-3000,0)
set(37,-15500,-25000,-4000,0)
set(37,-15500,-25000,-2000,0)

set(36,-14300,-15000,250,90)
set(36,-14300,-13100,250,90)
set(36,-14300,-11200,250,90)
set(36,-14300,-9300,250,90)
set(36,-14300,-7400,250,90)
set(36,-14300,-5500,250,90)
set(36,-14300,-3600,250,90)
set(36,-14300,-1700,250,90)
set(36,-14300,200,250,90)
set(36,-14300,2100,250,90)
set(36,-16600,2100,250,-90)
set(36,-16600,200,250,-90)
set(36,-16600,-1700,250,-90)
set(36,-16600,-3600,250,-90)
set(36,-16600,-5500,250,-90)
set(36,-16600,-7400,250,-90)
set(36,-16600,-9300,250,-90)
set(36,-16600,-11200,250,-90)
set(36,-16600,-13100,250,-90)
set(36,-16600,-15000,250,-90)
set(48,-15450,-11000,250,1)
set(48,-15450,-5400,250,-1)
set(48,-15450,0,250,1)

set(11,-15600,-16000,250,-30)p
set(12,-15600,-16000,250,-30)p
set(11,-15600,-21688,250,30)p
set(13,-15600,-21688,250,30)p
set(11,-15600,-27376,250,-30)p
set(12,-15600,-27376,250,-30)p
set(37,-11000,-28000,250,0)
set(37,-11000,-22000,250,0)
set(14,-17112,-31968,250,90)pt
chk(40,-11111,-31968,250,90)
set(10,-13300,-31968,250,90)p
set(14,-9500,-31968,250,180)pt
set(11,-9500,-27600,250,0)p
set(37,-8000,-30000,250,0)
set(37,-8000,-28000,250,0)
set(37,-8000,-22000,250,0)
set(37,-8000,-17000,250,90)
set(37,-9800,-25000,-185,0)
set(37,-9200,-25000,-185,0)
chk(40,-9500,-25000,-185,0)
set(29,-9500,-25000,250,0)pr
set(18,-9500,-23000,250,0)p
set(19,-9500,-19000,250,0)pt
chk(40,-8000,-19000,250,90)
set(37,-8000,-18850,250,90)
set(37,-8000,-19150,250,90)
set(19,-6500,-19000,250,-90)pt
set(37,-5000,-28000,250,0)
set(37,-5000,-25000,250,0)
set(37,-5000,-21000,250,0)
set(37,-5000,-17000,250,90)
set(18,-6500,-23000,250,0)p
set(18,-6500,-24600,250,0)p
set(22,-6500,-27900,250,180)p
chk(40,-6500,-27900,250,0)
set(14,-6500,-30000,250,90)pt
set(36,-7000,-31900,250,-90)
set(36,-5000,-31900,250,90)
set(38,-4000,-30000,250,90)
set(38,-3000,-30000,250,90)
set(10,-2000,-30000,250,90)p
chk(40,-2000,-30000,250,90)
set(38,-1000,-30000,250,90)
set(38,0,-30000,250,90)
set(38,1133,-30000,250,90)
set(10,2265,-30000,250,90)p
chk(40,2265,-30000,250,90)
set(38,3265,-30000,250,90)
set(38,4265,-30000,250,90)
set(38,5600,-29820,250,-60)
set(38,6760,-29150,250,-60)
set(38,7907,-28488,250,-60)
chk(40,9600,-27510,250,-60)
set(13,7907,-28488,250,-60)p
set(37,10000,-25575,250,0)
set(14,12500,-26975,250,180)pt
chk(40,12500,-25575,250,0)
set(37,13500,-25875,250,90)
set(37,13500,-26175,250,90)
set(37,13500,-25575,250,90)
chk(40,14243,-21992,250,0)
set(12,14012,-22388,250,-30)p
set(31,15524,-16240,250,0)pr
set(23,15524,-15240,250,180)p
chk(40,14524,-7240,-600,0)
set(37,15524,-3240,250,0)
set(37,15224,-3240,250,0)
set(37,14924,-3240,250,0)
set(23,15524,-240,250,0)p
chk(40,15524,-240,250,0)
set(14,15524,1000,250,0)pt
set(14,19024,1000,250,-90)pt
set(22,19024,-1300,250,0)p
set(18,19024,-4500,250,0)p
set(18,19024,-8000,250,0)p
set(36,20924,-11420,250,-90)pr
set(37,19024,-11420,250,90)
set(36,17124,-11420,250,90)
set(18,19024,-13100,250,0)p
set(18,19024,-18620,250,0)p
set(19,19024,-23155,250,180)pt
set(22,16993,-23155,250,90)p
chk(40,14212,-22008,250,90)
set(12,13593,-21642,250,60)p
set(13,7907,-21642,250,-60)p
set(32,7907,-21642,250,-60)
chk(40,3717,-23552,-600,-45)
set(14,3317,-23152,250,0)pt
set(22,3317,-25352,250,0)p
set(37,1717,-25452,250,90)
set(37,1717,-24252,250,90)
set(37,1717,-23052,250,90)
set(19,3317,-27552,250,180)pt
chk(40,1659,-27552,250,90)
set(37,1659,-27552,250,0)
set(37,1659,-27452,250,90)
set(37,1659,-27652,250,90)
set(38,1659,-27552,250,0)
set(38,1659,-27552,250,90)
set(37,1717,-28752,250,0)
set(19,0,-27552,250,90)pt
set(22,0,-25452,250,0)p
set(11,0,-22100,250,0)p
set(10,0,-19000,250,0)p
set(23,0,-15500,-700,0)p
set(23,0,-14500,-700,180)
set(57,0,-15000,-700,0)p
chk(40,0,-15000,-600,0)
set(27,0,-19500,250,0)pr
set(10,0,-14000,250,0)p
set(27,0,-10500,250,180)
set(10,0,-9500,250,0)p
set(11,0,-4300,250,0)p
set(37,120,-5000,250,0)
set(37,-120,-4500,250,0)
set(37,120,-4000,250,0)
set(37,-120,-3500,250,0)
set(37,120,-3000,250,0)
set(57,0,20,250,0)p
set(37,0,-75,250,0)
chk(40,0,-75,250,0)
set(11,0,500,250,0)p

set(37,0,15100,-700,0)
set(37,0,15100,-700,90)
set(37,0,15100,0,0)
set(37,0,15100,0,90)
set(38,0,15100,-700,0)
set(38,0,15100,-700,90)
set(38,0,15100,0,0)
set(38,0,15100,0,90)

maxt(0,58000,0)
maxb(0,-58000,0)
maxr(0,58000,0)
maxl(0,-58000,0)