snap(0,0,0)
sky(0,0,0)
ground(0,0,0)
texture(0,0,0,0)
fadefrom(0)
stars()
name(3-D BLAST)
nlaps(1)

chk(40,0,0,0,0)
chk(40,0,0,0,90)
chk(40,0,0,0,0)
chk(40,0,0,0,90)
chk(40,0,0,0,0)
chk(40,0,0,0,90)
chk(40,0,0,0,0)
chk(40,0,0,0,90)
chk(40,0,0,0,0)
chk(40,0,0,0,90)
chk(40,0,0,0,0)
chk(40,0,0,0,90)
chk(40,0,0,0,0)
chk(40,0,0,0,90)
chk(40,0,0,0,0)
chk(40,0,0,0,90)
chk(40,0,0,0,0)
chk(40,0,0,0,90)
chk(40,0,0,0,0)
chk(40,0,0,0,90)
chk(40,0,0,0,0)
chk(40,0,0,0,90)
chk(40,0,0,0,0)
chk(40,0,0,0,90)
chk(40,0,0,0,0)
chk(40,0,0,0,90)
chk(40,0,0,0,0)
chk(40,0,0,0,90)
chk(40,0,0,0,0)
chk(40,0,0,0,90)

fix(41,0,0,0,0)