
snap(-30,-45,10)

sky(222,241,255)
fog(215,209,230)
ground(199,192,209)
polys(194,186,204)

fadefrom(7000)
density(4)
lightson()

name(Ghosts and Magic)


nlaps(3)

set(47,0,0,250,0)
set(15,0,0,250,0)p
set(15,0,5600,250,0)p
set(15,0,11200,250,0)
set(34,0,11200,250,180)pr
set(15,0,16800,250,0)p
set(21,0,22400,250,0)p
set(18,0,28000,250,0)p
set(22,0,31360,250,0)p
set(10,0,34720,250,180)p
set(31,0,40829,250,0)pr
set(23,0,42509,250,180)p
set(23,0,47600,250,0)p
set(10,0,50400,250,180)p
set(10,0,56000,250,180)p
set(10,0,61600,250,180)p
set(10,0,67200,250,180)p
chk(40,0,69200,250,0)
set(14,0,71750,250,0)pt
set(10,4550,71750,250,90)p
set(13,10180,73270,250,-60)p
set(22,13570,74790,250,90)p
set(18,16930,74790,250,90)
set(36,15200,76100,250,0)ph
set(36,17160,76100,250,0)
set(18,22530,74790,250,-90)p
set(22,25890,74790,250,-90)
set(13,29280,76310,250,-60)p
set(10,34910,77830,250,90)
chk(40,34910,77830,250,90)
set(14,39460,77830,250,-90)pt
set(10,39460,73280,250,0)p

set(10,39460,68680,250,0)p

set(10,39460,64080,250,0)p 
set(31,39460,57971,250,180)pr
set(23,39460,56291,250,0)


set(24,39460,52740,250,0)p
set(16,39460,49940,250,180)p
set(15,39460,44340,250,0)p
set(15,39460,38740,250,0)p
set(33,39460,45340,250,0)
set(33,39460,42340,250,0)

set(15,39460,33140,250,0)p
set(15,39460,27540,250,0)p
set(15,39460,21940,250,0)
set(34,39460,21940,250,0)pr
set(15,39460,16340,250,0)p
fix(41,39460,16340,-2000,0)
set(15,39460,10740,250,0)p

set(15,39460,5140,250,180)p
set(16,39460,-460,250,0)p
set(15,39460,-6060,250,0)
chk(42,39460,-6060,250,0)
set(17,39460,-10610,250,180)pt
set(20,34910,-10610,250,90)p
set(12,29280,-9090,250,60)p
set(22,25890,-7570,250,-90)p
set(18,22530,-7570,250,90)
set(36,24000,-5960,250,0)ph
set(18,16930,-7570,250,90)p
set(22,13570,-7570,250,90)p
set(12,10180,-6070,250,60)p
set(20,4550,-4550,250,-90)
chk(40,7350,-4550,250,90)
set(17,0,-4550,250,90)pt



set(23,4200,69000,250,-90)  // maybe some of these up?
set(10,7000,69000,250,90)
set(13,12630,70520,250,-60)
set(10,18260,72040,250,90)
set(10,23860,72040,250,-90)
set(27,23860,72040,250,90)
//set(37,20000,72040,250,90)
set(13,29490,73560,250,-60)
set(23,32320,75080,250,90)

set(23,3940,-2200,250,-90)
set(10,6740,-2200,250,-90)
set(12,12370,-3720,250,60)
set(10,18000,-5240,250,90)
fix(41,19000,-5240,-1100,90)
set(26,18000,-5240,250,-90)
set(23,20800,-5240,250,90)po



maxl(20,-8900,-11500)
maxt(12,82100,-6500)
maxr(20,48700,-11500)
maxb(12,-13900,-6500)























