
snap(100,100,100)

sky(0,0,0)
fog(0,0,0)
ground(0,0,0)

fadefrom(13865)
density(8421503)

name(The Slaughterhouse)

nlaps(1000)

set(47,0,0,250,0)
chk(41,0,0,2500000,0)

maxb(1,-1000,0)
maxt(1,1000,0)
maxr(1,1000,0)
maxl(1,-1000,0)

maxb(2,-2400,-2400)
maxt(2,2400,-2400)
maxr(2,2400,-2400)
maxl(2,-2400,-2400)

maxb(4,-4800,-7200)
maxt(4,4800,-7200)
maxr(4,4800,-7200)
maxl(4,-4800,-7200)

maxb(7,-9600,-14400)
maxt(7,9600,-14400)
maxr(7,9600,-14400)
maxl(7,-9600,-14400)

maxb(14,-19200,-28800)
maxt(14,19200,-28800)
maxr(14,19200,-28800)
maxl(14,-19200,-28800)


set(41,0,0,2500000,0)p