snap(0,0,0)

sky(50,50,50)
fog(10,10,10)
ground(50,50,50)

fadefrom(13865)

name(Force Field Included)

nlaps(-1)

set(14,0,0,250000,-90)p
chk(38,0,0,250000,0)
set(14,0,0,250000,180)p
chk(38,0,0,250000,90)
set(14,0,0,250000,90)p
chk(38,0,0,250000,0)
set(14,0,0,250000,0)p
chk(38,0,0,250000,90)

fix(41,0,0,250,0)
fix(41,0,0,250,0)
fix(41,0,0,250,0)
fix(41,0,0,250,0)
fix(41,0,0,250,0)

.maxb(7,-10000,-15000)
.maxt(7,10000,-15000)
.maxr(7,10000,-15000)
.maxl(7,-10000,-15000)

set(35,0,0,250000,-45)
set(35,0,0,250000,45)
set(35,0,0,250000,-45)
set(35,0,0,250000,45)

set(38,0,0,250000,0)po
set(14,0,0,250000,0)po
set(38,0,0,250000,90)po
set(14,0,0,250000,90)po
set(38,0,0,250000,0)po
set(14,0,0,250000,180)po
set(38,0,0,250000,90)po
set(14,0,0,250000,-90)po