snap(0,0,0)

sky(0,0,0)
fog(0,0,0)
ground(100,100,100)
polys(80,80,80)

fadefrom(13865)
density(8421503)
lightson()

name(Dragrace Of Death)

nlaps(2)

set(57,0,120000,-10000,0)

maxr(63,1000,0)
maxl(63,-1000,0)
maxt(1,300001,0)
maxb(1,-1001,0)

set(47,0,0,250,0)
set(10,0,0,250,0)p
set(10,0,5000,250,0)p
set(10,0,10000,250,0)p
set(32,400,10000,250,0)
set(32,-400,10000,250,0)
set(20,0,15000,250,180)p
set(15,0,20000,250,0)p
set(33,0,20000,250,0)
set(44,0,25000,250,180)p
set(44,0,30000,250,0)p
set(20,0,35000,250,0)p
set(10,0,40000,250,0)p
set(29,0,40000,250,1)
set(10,0,45000,250,0)p
set(10,0,50000,250,0)p
set(20,0,55000,250,180)p
set(16,0,60000,250,0)p
set(21,0,65000,250,0)p
set(18,0,70000,250,0)p
set(18,0,75000,250,0)p
set(21,0,80000,250,180)p
set(16,0,85000,250,0)p
set(20,0,90000,250,0)p
set(50,400,95000,250,0)
set(50,-400,95000,250,0)
set(10,0,95000,250,0)
set(10,0,100000,250,0)
set(31,1000,100000,250,0)
set(31,-1000,100000,250,0)
set(50,400,107000,250,0)
set(50,-400,107000,250,0)
set(10,0,105000,250,0)p
set(10,0,110000,250,0)p
set(10,0,115000,250,0)p
set(10,0,120000,250,0)p
set(10,0,125000,250,0)p
set(10,0,130000,250,0)p
set(10,0,135000,250,0)p
set(10,0,140000,250,0)p
set(10,0,145100,250,0)p
set(10,0,150000,250,0)p
set(28,0,150000,250,1)pr
set(20,0,154900,250,180)p
set(44,0,160000,250,180)p
set(43,0,165000,250,0)p
set(43,0,170000,250,0)p
set(43,0,175000,250,0)p
set(44,0,180000,250,0)p
set(21,0,185000,250,0)p
set(18,0,190000,250,0)p
set(21,0,195000,250,180)p
set(20,0,200000,250,0)p
set(20,0,205000,250,180)p
set(15,0,210000,250,0)p
set(15,0,215000,250,0)p
set(16,0,220000,250,0)p
set(16,0,225000,250,0)p
set(16,0,230000,250,0)p
set(44,0,235000,250,180)p
set(43,0,240000,250,0)p
set(43,0,245000,250,0)p
set(43,0,250000,250,0)p
set(44,0,255000,250,0)p
set(16,0,260000,250,0)p
set(21,0,265000,250,0)p
set(18,0,270000,250,0)p
set(18,0,275000,250,0)p
set(18,0,280000,250,0)p
set(21,0,285000,250,180)p
set(16,0,290000,250,0)p
set(20,0,295000,250,0)p
chk(40,0,299800,250,0)
set(10,0,300000,250,0)p
set(23,0,301800,250,180)pt
set(32,0,202500,250,180)
set(31,1000,103500,250,180)
set(31,-1000,103500,250,180)
set(40,0,-800,250,0)p
set(40,0,-800,250,0)p
set(40,0,-800,250,0)p
chk(40,0,-800,250,0)
set(23,0,-2800,250,0)pt
