snap(0,0,0)

sky(150,255,255)
fog(255,255,255) 
ground(0,150,0)

fadefrom(13865)
density(8421503)

name(The Faster & The More Furious + The Most Radical)

nlaps(2)

set(51,0,0,250,0)
set(47,0,0,250,0)

set(15,0,0,250,0)p
.set(33,0,-290,250,0)
set(15,0,5600,250,0)p
set(15,0,11200,250,0)
set(34,0,11200,250,180)pr
set(15,0,16800,250,0)p
set(21,0,22400,250,0)p
set(18,0,28000,250,0)p
set(22,0,31360,250,0)p
set(10,0,34720,250,180)p
set(26,0,40829,250,0)pr
set(10,0,40000,250,0)
.set(31,0,40829,250,0)pr
set(23,0,42509,250,180)p
set(23,0,47600,250,0)p
set(10,0,50400,250,180)p
set(10,0,56000,250,180)p
set(10,0,61600,250,180)p
set(10,0,67200,250,180)p
set(22,0,70560,250,180)


set(21,0,73920,250,180)p
set(15,0,79520,250,0)p
set(15,0,85120,250,0)
set(35,0,85120,250,180)
set(15,0,90720,250,0)
set(21,0,96320,250,0)
set(18,0,101920,250,0)p
set(22,0,105280,250,0)p
set(10,0,108640,250,180)p
set(10,0,110000,250,0)
set(10,0,114749,250,0)p
.set(31,0,114749,250,0)pr
set(10,0,116429,250,180)p
set(10,0,121520,250,0)p
.set(23,0,116429,250,180)p
.set(23,0,121520,250,0)p
set(10,0,124320,250,180)p
set(10,0,129920,250,180)p
set(10,0,135520,250,180)p
set(10,0,141120,250,180)p
set(22,0,144480,250,180)
chk(40,0,144770,250,0)
fix(41,0,144770,0,0)
set(19,0,146790,250,0)pt


set(18,4550,146790,250,90)p
set(21,10150,146790,250,90)p
set(15,15750,146790,250,90)
.set(35,15750,146790,250,90)pr
set(15,21350,146790,250,90)p
set(15,26950,146790,250,-90)p
set(20,32550,146790,250,-90)p
set(30,37514,146790,250,-90)pr
set(10,40000,146790,250,-90)
set(10,42478,146790,250,-90)p
set(10,48078,146790,250,-90)p
set(10,53678,146790,250,90)p
set(10,59278,146790,250,90)


set(10,64880,146790,250,90)p
set(10,69430,146790,250,90)p
set(20,75030,146790,250,90)p
set(15,80630,146790,250,90)
set(35,80630,146790,250,90)
set(15,86230,146790,250,90)p
set(15,91830,146790,250,-90)p
set(20,97430,146790,250,-90)p
set(10,102394,146790,250,90)p
set(10,107358,146790,250,-90)p
set(10,112958,146790,250,-90)p
set(10,118558,146790,250,90)p
set(10,124158,146790,250,90)


chk(40,125908,146790,250,90)
fix(41,125908,146790,0,90)
set(14,128708,146790,250,-90)pt


set(10,128708,142240,250,0)p
set(28,128708,136131,250,180)pr
set(10,128708,137131,250,180)
.set(31,128708,136131,250,180)pr
set(23,128708,134451,250,0)
set(24,128708,127120,250,0)p
set(15,128708,124320,250,180)p
set(15,128708,118720,250,0)p
set(15,128708,113120,250,0)p
.set(33,128708,119720,250,0)
.set(33,128708,116720,250,0)
set(15,128708,107520,250,0)p
set(15,128708,101920,250,0)p
set(15,128708,96320,250,0)
set(34,128708,96320,250,0)pr
set(15,128708,90720,250,0)p
fix(41,128708,90720,-2500,0)
set(15,128708,85120,250,0)p
set(15,128708,79520,250,0)p
set(20,128708,73920,250,180)


set(10,128708,68320,250,0)p
set(30,128708,62211,250,180)
set(23,128708,60531,250,0)
set(24,128708,53200,250,0)p
set(15,128708,50400,250,180)p
set(15,128708,44800,250,0)p
set(15,128708,39200,250,180)p
set(33,128708,45800,250,0)
set(33,128708,42800,250,0)
set(15,128708,33600,250,0)p
set(15,128708,28000,250,0)p
set(15,128708,22400,250,0)p
.set(33,128708,22400,250,0)pr
set(15,128708,16800,250,0)p
.fix(41,128708,16800,-2000,0)
set(15,128708,11200,250,0)p
set(15,128708,5600,250,0)p
set(15,128708,0,250,0)

chk(42,128708,0,250,0)
fix(41,128708,0,0,0)
set(17,128708,-4450,250,180)pt


set(20,124158,-4450,250,90)p
set(10,118558,-4450,250,90)p
set(28,113594,-4450,250,90)pr
.set(25,113594,-4450,250,-45)
.set(25,113594,-4450,250,45)
set(10,108630,-4450,250,90)p
set(10,103030,-4450,250,-90)p
set(10,97430,-4450,250,-90)p
set(45,91321,-4450,250,90)pr
set(45,88321,-4450,250,-90)
set(10,89641,-4450,250,-90)p
set(10,83430,-4450,250,90)p
set(10,80630,-4450,250,-90)p
set(20,75030,-4450,250,-90)p
set(15,69430,-4450,250,90)p
set(15,64880,-4450,250,90)p


set(20,59278,-4450,250,90)p
set(10,53678,-4450,250,90)p
set(10,48714,-4450,250,90)p
.set(29,48714,-4450,250,90)pr
.set(29,48714,-4450,250,-90)pr
set(10,43750,-4450,250,90)p
set(10,38150,-4450,250,-90)p
set(10,32550,-4450,250,-90)p
set(10,27441,-4450,250,90)p
set(10,26441,-4450,250,90)p
set(10,23441,-4450,250,-90)p
set(10,18550,-4450,250,90)p
set(10,15750,-4450,250,-90)p
set(20,10150,-4450,250,-90)p
set(15,4550,-4450,250,90)p

chk(42,1750,-4450,250,90)
fix(41,1750,-4450,0,90)
set(17,0,-4450,250,90)pt
