
snap(-50,-50,-50)

sky(56,56,56)
fog(0,0,0)
ground(56,56,56)

fadefrom(1000)
density(5)

lightson()

name(The Tunnel Of Doom)

nlaps(2)

set(47,0,0,250,0)

maxr(1,600,-8600)
maxr(1,600,5400)
set(10,0,0,250,0)p
set(10,0,5000,250,0)p
chk(40,0,7300,250,0)
set(14,0,8500,250,0)pt
set(10,4000,8500,250,90)p
set(10,6000,8500,250,90)p
set(10,7000,8500,250,90)p
chk(40,10000,8500,250,90)
maxb(3,7900,3150)
maxr(1,11800,10000)
set(14,11300,8500,250,180)pt
set(14,11300,10000,250,-90)pt
maxt(4,10600,0)
set(10,7000,10000,250,90)p
set(10,6000,10000,250,90)p
set(10,2000,10000,250,90)p
chk(40,0,10000,250,90)
set(14,-1500,10000,250,0)pt
maxl(2,-2100,5400)
maxl(1,-2100,-8600)
maxl(1,-2100,-10300)
set(10,-1500,5500,250,0)p
chk(40,-1500,5500,250,0)
set(10,-1500,500,250,0)p
chk(40,-1500,500,250,0)
chk(40,-1500,-3000,250,0)
set(37,-1500,-3000,250,0)
set(10,-1500,-4500,250,0)p
chk(40,-1500,-4500,250,0)
set(37,-1500,-4500,250,0)
set(10,-1500,-9500,250,0)p
set(37,-1500,-9500,250,0)
chk(40,-1500,-12000,250,0)
set(14,-1500,-13500,250,180)pt
set(10,-5500,-13500,250,90)p
set(10,-9500,-13500,250,90)p
maxt(3,-12900,-14200)
maxl(2,-13800,-19000)
maxb(7,-18600,-14200)
set(14,-13000,-13500,250,0)pt
chk(40,-13100,-14250,250,0)
set(14,-13000,-15000,250,90)pt
set(10,-9500,-15000,250,90)p
set(10,-5500,-15000,250,90)p
set(14,-1600,-15000,250,-90)p
chk(40,-1600,-15750,250,0)
set(14,-1600,-16500,250,180)p
set(10,-5500,-16500,250,90)p
set(10,-9500,-16500,250,90)p
set(14,-13000,-16500,250,0)pt
chk(40,-13100,-17250,250,0)
set(14,-13000,-18000,250,90)pt
set(10,-9500,-18000,250,90)p
set(10,-5500,-18000,250,90)p
set(10,0,-18000,250,90)p
chk(40,0,-18000,250,90)
set(10,5000,-18000,250,90)p
chk(40,5000,-18000,250,90)
set(37,7000,-18000,250,90)p
set(37,8000,-18000,250,90)p
set(37,9000,-18000,250,90)p
set(10,10000,-18000,250,90)p
set(37,10000,-18000,250,90)
set(37,11000,-18000,250,90)p
chk(40,12000,-18000,250,90)
set(37,12000,-18000,250,90)
set(14,14000,-18000,250,180)pt
maxl(3,13400,-14900)
maxl(1,13400,-3200)
set(10,14000,-14000,250,0)p
chk(40,14000,-16000,250,0)
set(10,14000,-9000,250,0)p
set(10,14000,-4000,250,0)p
chk(40,14000,-1500,250,0)
set(14,14000,0,250,-90)pt
maxb(2,-600,5800)
maxt(3,600,5800)
set(10,10000,0,250,90)p
set(30,5000,0,250,90)p
set(30,2000,0,-300,90)p
set(11,-1500,0,-900,90)p
chk(40,-1500,0,-900,90)
set(30,-5000,0,-300,-90)p
set(30,-8000,0,250,-90)p
set(10,-13000,0,250,90)p
chk(40,-15800,0,250,90)
maxb(2,-600,-15800)
maxt(2,600,-13800)
set(14,-17000,0,250,90)pt
maxl(4,-17600,-5000)
maxr(1,-16400,3300)
maxr(1,-16400,4900)
set(10,-17000,4000,250,0)p
fix(41,-17000,4000,0,0)
chk(40,-17000,6800,250,0)
set(14,-17000,8000,250,0)pt
set(10,-13000,8000,250,90)p
maxt(4,8600,-19700)
maxb(2,7400,-13800)
maxb(1,7400,-7400)
set(10,-8000,8000,250,90)p
chk(40,-5200,8000,250,90)
set(14,-4000,8000,250,-90)pt
maxr(2,-3400,5400)
maxl(1,-4600,4500)
set(10,-4000,4000,250,0)p
set(10,-4000,0,250,0)p
set(50,-3230,-1900,250,0)
chk(40,-4000,-1940,250,0)
set(37,-4000,-1940,250,0)
set(14,-4000,-3140,250,180)pt
maxt(3,-2540,-16900)
set(50,-6000,-3740,250,90)
set(10,-8000,-3140,250,90)p
set(10,-13000,-3140,250,90)p
chk(40,-15800,-3140,250,90)
set(14,-17000,-3140,250,0)pt
set(37,-15200,-3890,250,0)
set(14,-17000,-4640,250,90)pt
chk(40,-15800,-4640,250,90)
maxb(3,-5300,-15500)
set(10,-13000,-4640,250,90)p
set(30,-8000,-4640,250,-90)p
set(30,-5000,-4640,-300,-90)p
chk(40,-1500,-4640,-900,90)
set(11,-1500,-4640,-900,90)p
set(30,2000,-4640,-300,90)p
set(30,5000,-4640,250,90)p
set(10,7000,-4640,250,90)p
maxb(2,-5240,3100)
maxt(2,-4040,5800)
chk(40,9800,-4640,250,90)
set(14,11000,-4640,250,-90)pt
set(10,11000,-8270,250,0)p
set(37,11000,-8270,250,0)p
maxr(2,11600,-11000)
maxl(1,10400,-7800)
maxl(1,10400,-8800)
chk(40,11000,-10700,250,0)
set(14,11000,-11900,250,180)pt
maxt(2,-11240,3100)
set(10,7000,-11900,250,90)p
set(10,4000,-11900,250,90)p
set(37,1200,-11900,250,90)p
chk(40,1200,-11900,250,90)
set(14,0,-11900,250,90)pt
set(10,0,-8000,250,0)p
set(37,0,-8000,250,0)p
set(10,0,-4000,250,0)p
set(37,0,-4000,250,0)p

maxr(1,-800,-14900)
maxt(2,-17400,1600)
maxt(1,-17400,10300)
maxr(6,14600,-20900)

maxb(2,-12500,1600)
maxb(1,-12500,9600)


set(52,0,0,250,0)
set(52,0,3000,250,0)

set(52,0,6000,250,0)

set(52,2500,8500,250,90)

set(52,1000,10000,250,90)
set(52,-1500,7500,250,0)
set(52,5500,8500,250,90)
set(52,8500,8500,250,90)

set(52,11500,7000,250,90)

set(52,12800,9000,250,0)
set(52,11500,11500,250,90)

set(52,8500,10000,250,90)
set(52,5500,10000,250,90)
set(52,4500,10000,250,90)

set(52,-500,11500,250,90)
set(52,-3000,10500,250,0)

set(52,-1500,4500,250,0)
set(52,-1500,1500,250,0)
set(52,-1500,-1500,250,0)
set(52,-1500,-5000,250,0)
set(52,-1500,-8500,250,0)
set(52,-1500,-10950,250,0)

set(52,-4100,-13500,250,90)
set(52,-7500,-13500,250,90)
set(52,-10500,-13500,250,90)

set(52,-4100,-15000,250,90)
set(52,-7500,-15000,250,90)
set(52,-10500,-15000,250,90)

set(52,-4100,-16500,250,90)
set(52,-7500,-16500,250,90)
set(52,-10500,-16500,250,90)

set(52,-4100,-18000,250,90)
set(52,-7500,-18000,250,90)
set(52,-10500,-18000,250,90)

set(52,-13000,-11800,250,90)
set(52,-15000,-14000,250,0)
set(52,-15000,-17000,250,0)
set(52,-13000,-19600,250,90)
set(52,-1300,-19600,250,90)

set(52,1000,-18000,250,90)
set(52,4500,-18000,250,90)
set(52,8000,-18000,250,90)
set(52,11450,-18000,250,90)

set(52,13200,-19600,250,90)
set(52,15600,-18450,250,0)

set(52,14000,-15450,250,0)
set(52,14000,-13750,250,0)
set(52,14000,-10350,250,0)
set(52,14000,-8050,250,0)
set(52,14000,-8050,250,0)
set(52,14000,-4950,250,0)
set(52,14000,-2590,250,0)

set(52,15600,0,250,0)
set(52,14000,1600,250,90)

set(52,11400,0,250,90)
set(52,8300,0,250,90)

set(52,-11300,0,250,90)
set(52,-14450,0,250,90)

set(52,-16450,-1600,250,90)
set(52,-18550,0,250,0)

set(52,-17000,2550,250,0)
set(52,-17000,5550,250,0)

set(52,-18600,8550,250,0)
set(52,-17500,9600,250,90)
set(52,-4300,9600,250,90)

set(52,-14500,8000,250,90)
set(52,-11200,8000,250,90)
set(52,-7900,8000,250,90)
set(52,-6500,8000,250,90)

set(52,-4000,5500,250,0)
set(52,-4000,2000,250,0)
set(52,-4000,-600,250,0)

set(52,-4500,-4740,250,90)

set(52,-6500,-3140,250,90)
set(52,-9800,-3140,250,90)
set(52,-13100,-3140,250,90)

set(52,-13100,-4640,250,90)
set(52,-9800,-6180,250,90)
set(52,-6500,-6180,250,90)

set(52,-18900,-3890,250,0)

set(52,-16500,-6220,250,90)

set(52,8500,-4640,250,90)
set(52,10500,-3100,250,90)

set(52,12540,-5140,250,0)
set(52,11000,-7140,250,0)
set(52,11000,-9440,250,0)
set(52,12540,-11140,250,0)

set(52,10540,-13440,250,90)
set(52,8540,-11900,250,90)
set(52,5240,-11900,250,90)
set(52,2540,-11900,250,90)
set(52,1100,-13440,250,90)

set(52,0,-14400,250,0)
set(52,0,-15440,250,0)


set(52,0,-9400,250,0)
set(52,0,-6600,250,0)
set(52,0,-3300,250,0)

set(10,0,0,250,0)p
