//snap(-50,-50,0)

//sky(300,300,400)
//fog(200,200,400) 
//ground(100,75,0)

snap(-50,-50,-50)

sky(0,0,0)
fog(50,50,50) 
ground(25,25,25)
polys(50,50,50)


fadefrom(13865)
density(8421503)

lightson()

name(DeLiberation)

nlaps(-1)

set(57,0,-50000,-13000,0)

set(47,0,0,250,0)
set(15,0,0,250,0)p
set(15,0,5600,250,0)p
set(35,200,5600,250,0)pr
set(15,0,11200,250,0)p
set(15,0,16800,250,0)p
set(15,0,22400,250,0)p
chk(42,0,28000,250,0)
set(15,0,28000,250,0)p
set(17,0,32000,250,-90)pt
set(20,-4000,32000,250,90)p
set(10,-9000,32000,250,90)p
set(26,-9000,32000,250,90)p
set(10,-13000,32000,250,90)p
set(10,-17000,32000,250,90)p
set(14,-21000,32000,250,0)pt
chk(40,-21000,30500,250,0)
set(14,-21000,29000,250,90)pt
set(10,-17000,29000,250,90)p
set(11,-12000,29000,250,90)p
set(37,-12000,29000,250,90)
chk(40,-12000,29000,250,90)
set(11,-7000,29000,250,90)p
set(26,-7000,29000,250,-90)ph
set(23,-5000,29000,250,90)

set(23,5000,29000,250,-90)p
set(26,7000,29000,250,-90)
set(11,7000,29000,250,90)p
chk(40,12000,29000,250,90)
set(11,12000,29000,250,90)p
set(37,12000,29000,250,90)

set(14,16000,29000,250,-90)pt
set(10,16000,25000,250,0)p
set(12,14200,20000,250,-30)p


maxt(0,58000,0)
maxb(0,-58000,0)
maxr(0,58000,0)
maxl(0,-58000,0)