
snap(10,0,-20)

sky(255,250,255) 
fog(210,200,180)
ground(237,230,220)

fadefrom(3000)

name(Dynamite Dunes)
nlaps(3)

set(15,0,0,0)p
set(33,0,1000,0)
set(33,0,4000,0)
set(15,0,5600,0)p
set(33,0,7000,0)
set(17,0,10000,0)pt
chk(42,4400,10000,90)
set(15,4400,10000,90)
set(17,8800,10000,180)pt
set(15,8800,14400,0)p
set(33,8800,13800,45)
set(33,8800,18000,-45)
set(15,8800,20000,0)
chk(42,8800,22000,0)
set(17,8800,24400,0)pt
set(15,13200,24400,90)p
set(17,17600,24400,-90)
chk(42,17600,22650,0)
set(17,17600,20900,90)
set(17,21100,20900,-90)
set(33,20400,20200,-45)
set(17,21100,17400,90)
chk(42,22850,17400,90)
set(17,24600,17400,-90)
set(33,24600,15400,0)pr

set(15,24600,6400,0)p
set(17,24600,2000,180)pt
set(15,20200,2000,90)p

set(35,18200,2400,90)pr
set(35,18200,1600,90)
set(33,11600,2000,0)
set(37,13600,2000,90)
fix(41,13600,2000,-1500,-413)s
set(33,15600,2000,0)
set(35,9000,1600,90)
set(35,9000,2400,90)

set(15,7000,2000,90)p
set(34,5000,2000,90)pr

set(15,-7000,2000,90)
chk(42,-9500,2000,90)
set(17,-11400,2000,90)pt
set(15,-11400,6400,0)p
set(35,-11800,5500,0)
set(35,-11000,11000,0)pr
set(15,-11400,12000,0)p
set(17,-11400,16400,0)
chk(42,-9650,16400,90)
set(17,-7900,16400,180)
set(17,-7900,19900,0)
set(33,-7200,19200,45)
set(17,-4400,19900,180)
chk(42,-4400,21650,0)
set(17,-4400,23400,0)
set(15,0,23400,90)p
set(17,4400,23400,-90)pt
set(33,4400,21200,0)
chk(42,4400,21200,0)
set(17,4400,19000,180)pt
set(16,0,19000,90)
set(17,-4400,19000,0)pt
set(16,-4400,14600,0)p
set(16,-4400,9000,0)p
set(34,-4400,6000,0)pr

set(15,-4400,-5000,0)p
set(17,-4400,-9400,90)
chk(42,-2650,-9400,90)
set(17,-900,-9400,-90)
set(17,-900,-12900,90)
set(33,-200,-12200,-45)
set(17,2600,-12900,-90)
chk(42,2600,-14650,0)
set(17,2600,-16400,90)
set(15,7000,-16400,90)p

set(33,8400,-16400,90)
set(33,9200,-16400,90)pr
set(33,10000,-16400,90)

set(15,9200,-16400,90)p
set(17,13600,-16400,180)pt
chk(42,13600,-14500,0)
set(15,13600,-12000,0)p
set(15,13600,-6400,0)p
set(15,13600,-4600,0)p

set(35,14000,-2600,0)pr
set(35,13200,-2600,0)
set(33,13600,0,90)
fix(41,13600,2000,-1500,413)s
set(37,13600,2000,0)
set(33,13600,4000,90)
set(35,14000,6600,0)
set(35,13200,6600,0)

set(33,15600,0,45)
set(33,15600,4000,-45)
set(33,11600,0,-45)
set(33,11600,4000,45)

set(15,13600,8600,0)p
chk(42,13600,11200,0)
set(17,13600,13000,0)pt
set(15,18000,13000,90)
set(33,18000,12500,0)
set(33,18000,13500,0)
set(15,23600,13000,90)
set(33,22100,13000,0)
set(15,26200,13000,90)
set(33,26200,12500,0)
set(33,26200,13500,0)
set(17,30600,13000,-90)pt
chk(42,30600,11300,0)
set(16,30600,8600,0)p
set(16,30600,3400,0)p
set(17,30600,-1000,180)pt
chk(42,28850,-1000,90)
set(17,27100,-1000,0)
set(17,27100,-4500,180)
set(33,26400,-3800,45)
set(17,23600,-4500,0)
chk(42,23600,-6250,0)
set(17,23600,-8000,180)
set(15,19200,-8000,90)p
set(34,17000,-8000,90)pr

set(15,8000,-8000,90)
set(15,4400,-8000,90)
set(17,0,-8000,90)p
chk(42,0,-6300,0)
set(33,0,-5000,0)
set(15,0,-3600,0)p
set(33,0,-2000,0)

maxt(10,26400,-13400)
maxb(10,-18400,-13400)
maxr(10,32600,-18400)
maxl(10,-13400,-18400)



