snap(-65,-55,-60)

ground(20,30,20)
fog(0,20,10)
sky(0,0,30)

fadefrom(2400)

name(Viper's Nest)

nlaps(3)


set(10,0,0,0)p
set(10,0,5600,0)p
set(14,0,9600,0)pt
chk(40,3000,9600,90)
set(10,4000,9600,90)
set(10,9600,9600,90)
set(29,9600,9600,90)
set(10,15200,9600,90)
set(10,20800,9600,90)
set(29,20800,9600,-90)
set(10,26400,9600,90)
chk(40,27400,9600,90)
set(14,30400,9600,-90)pt
set(10,30400,5600,0)p
set(10,30400,0,0)p
set(14,30400,-4000,180)pt
chk(40,27400,-4000,90)
set(10,26400,-4000,90)p
set(32,26400,-4250,90)p
set(32,26400,-3750,90)p
set(10,20800,-4000,90)p
set(10,15200,-4000,90)p
set(10,9600,-4000,90)p
set(31,5600,-4000,90)pr
set(10,5000,-4000,90)p

set(23,-17000,-4000,90)
set(10,-18600,-4000,90)p
set(10,-23200,-4000,90)p
set(14,-27200,-4000,90)p
chk(40,-27200,-2000,0)
set(10,-27200,0,0)p
set(28,-27200,4600,0)p
set(10,-27200,5600,0)p
set(10,-27200,11200,0)p
chk(40,-27200,13100,0)
set(14,-27200,15100,0)p
set(13,-22800,16600,-60)p
chk(40,-20000,18100,90)
set(12,-17200,16600,60)p
set(12,-11800,13600,60)p
chk(40,-9150,12100,90)
set(13,-6500,13600,-60)p
set(14,-2000,15100,-90)p
chk(40,-2000,13100,0)
set(10,-2000,11100,0)
set(10,-2000,5500,0)
set(26,-2000,3500,180)
fix(41,-2000,-4000,-1200,0)
set(14,-2000,1500,180)pt
set(10,-6000,1500,90)p
set(14,-10000,1500,0)pt
chk(40,-10000,0,0)
set(14,-10000,-1500,90)pt
set(10,-6000,-1500,90)p
set(31,-3000,-1500,-90)pr

set(23,10000,-1500,-90)
set(10,11200,-1500,90)
set(10,16800,-1500,90)
chk(40,18800,-1500,90)
set(14,20800,-1500,180)p
set(10,20800,3000,0)p
set(30,20800,6000,0)pr

set(23,20800,13000,0)
set(14,20800,14500,-90)pt
chk(40,18800,14500,90)
set(10,16800,14500,90)p
set(10,11200,14500,90)p
set(10,6600,14500,90)p
set(10,4000,14500,90)p
set(31,2000,14500,90)p

set(10,-32000,14500,90)
set(14,-36000,14500,0)pt
set(10,-36000,10000,0)p
set(10,-36000,7000,0)p
chk(40,-36000,7000,0)
set(10,-36000,4000,0)p
set(14,-36000,0,90)pt
set(10,-32000,0,90)
set(26,-30000,0,-90)pr


set(10,-23200,0,90)p
set(10,-17600,0,90)p
set(14,-13600,0,-90)pt
set(22,-13600,-2000,0)
chk(40,-13600,-2000,0)
set(14,-13600,-4000,90)pt
set(10,-9600,-4000,90)p
set(27,-9600,-4000,-90)
set(10,-4000,-4000,90)p
set(14,0,-4000,180)pt
fix(41,-2000,-4000,-1200,90)s




maxr(6,33400,-6500)
maxb(25,-7000,-39000)
maxt(25,19500,-39000)
maxl(6,-39000,-6500)