

snap(60,60,60)


sky(-100,-100,-100)
fog(-100,-100,-100) 
ground(140,140,150)

fadefrom(4000)

name(Dark Side of the Moon)

nlaps(2)

set(10,0,0,0)p
set(10,0,5600,0)p
set(26,0,7000,0)
set(10,0,11200,0)pr
set(10,0,16800,0)p
set(10,0,22400,0)p
chk(40,0,24000,0)
set(14,0,26400,0)pt
set(10,4000,26400,90)p
set(10,9600,26400,90)
set(31,8000,26400,-90)pr

set(11,25000,26400,90)
set(11,30000,26400,90)
set(10,35600,26400,90)p
set(14,39600,26400,-90)pt
chk(40,39600,24700,0)
set(14,39600,23000,180)pt
set(10,35600,23000,90)
set(26,34000,23000,90)pr
set(10,30000,23000,90)
set(10,24600,23000,90)p
set(14,20600,23000,0)pt
chk(40,20600,21000,0)
set(10,20600,19000,0)p
set(26,20600,17000,180)pr
set(37,20450,16000,0)
set(37,20750,16000,0)

fix(41,20600,8800,-1600,45)s

set(37,20450,6000,0)
set(37,20750,6000,0)
set(26,20600,5000,0)
set(10,20600,3000,0)p
set(14,20600,-1000,90)pt
set(13,25000,430,-60)p
chk(40,25000,430,-60)
set(11,30600,1920,90)p
set(11,36200,1920,90)
set(10,41200,1920,90)

set(33,30000,1920,90)
set(33,33000,1920,45)
set(33,36000,1920,-45)
chk(40,40000,1920,90)
set(33,39000,1920,45)
set(33,42000,1920,45)
set(33,45000,1920,-45)
set(33,48000,1920,90)

set(11,46800,1920,90)p
set(14,51200,1920,180)pt
set(10,51200,5360,0)p

chk(40,51200,3360,0)
chk(40,51200,3860,0)
chk(40,51200,4360,0)
chk(40,51200,4860,0)
chk(40,51200,5360,0)
chk(40,51200,5860,0)
chk(40,51200,6360,0)
chk(40,51200,6860,0)
chk(40,51200,7360,0)

set(14,51200,8800,-90)pt
set(10,47200,8800,90)p
set(31,46000,8800,90)pr
set(10,46000,8800,90)

set(10,34400,8800,90)
set(28,32000,8800,90)
set(10,28000,8800,90)p
set(26,26000,8800,90)pr
set(37,25000,8950,90)
set(37,25000,8650,90)

set(37,15000,8650,90)
set(37,15000,8950,90)
set(26,14000,8800,-90)
set(10,12000,8800,90)p
chk(40,11000,8800,90)
set(29,7000,8800,90)

set(30,-4000,8800,-90)
set(14,-9000,8800,0)pt
set(10,-9000,4800,0)p
set(36,-10800,6500,90)
set(36,-10800,3000,90)ph
set(36,-10800,-500,90)
set(10,-9000,0,0)p
set(14,-9000,-4000,90)pt
set(10,-5000,-4000,90)

chk(40,-7000,-4000,90)
chk(40,-6500,-4000,90)
chk(40,-6000,-4000,90)
chk(40,-5500,-4000,90)
chk(40,-5000,-4000,90)
chk(40,-4500,-4000,90)
chk(40,-4000,-4000,90)
chk(40,-3500,-4000,90)
chk(40,-3000,-4000,90)
chk(40,-2500,-4000,90)
chk(40,-2000,-4000,90)

set(10,-4000,-4000,90)

set(38,0,-1000,0)
set(38,0,0,0)
set(38,0,1000,0)
set(38,0,2000,0)
set(38,0,3000,0)
set(38,0,4000,0)
set(38,0,5000,0)

set(14,0,-4000,180)pt