
snap(15,-7,-50)


sky(206,230,255)
fog(221,233,255) 
ground(200,200,200)

name(Confusion In An Illusion)

fadefrom(6000)

nlaps(2)

set(35,0,0,250,0)p
set(35,0,5600,250,0)p
set(35,0,11200,250,0)
set(55,0,9000,250,180)pr
set(35,0,16800,250,0)p
set(36,0,22400,250,0)p
set(35,0,28000,250,0)p
set(37,0,32550,250,0)pt
chk(62,1750,32550,250,90)
set(37,3500,32550,250,-90)pt
set(40,3500,28000,250,180)p
set(30,3500,22400,250,0)
set(46,3500,23000,250,180)pr
set(30,3500,16800,250,0)p
set(33,5020,11170,250,30)p
chk(60,6540,8370,250,0)
set(40,6540,5540,250,0)p
set(37,6540,990,250,90)pt
set(37,10040,990,250,180)pt
set(35,10040,5540,250,0)
set(54,10040,5540,250,180)pr
set(40,10040,11140,250,0)p
set(33,8520,16770,250,30)p
chk(60,7000,19600,250,0)
set(32,8520,22430,250,-30)p
chk(60,10040,25260,250,0)
set(30,10040,28060,250,0)p
set(34,10040,32610,250,0)pt
chk(60,11790,32610,250,90)
set(34,13540,32610,250,-90)pt
set(40,13540,28060,250,0)p
set(35,13540,22460,250,0)p
set(35,13540,16860,250,0)p
set(35,13540,11260,250,0)p
set(53,13540,22460,250,0)
set(53,13540,16860,250,0)
set(53,13540,11260,250,0)
set(40,13540,5660,250,180)p
set(34,13540,1110,250,90)pt
chk(60,15290,1110,250,90)
set(34,17040,1110,250,180)pt
set(30,17040,5660,250,0)p
set(30,17040,11260,250,180)p
set(50,17040,17369,250,0)p
set(50,17040,20729,250,180)p
set(40,17040,26710,250,180)p
chk(62,17040,29500,250,0)
set(37,17040,31250,250,0)pt
set(37,20540,31250,250,-90)pt
set(35,20540,26700,250,180)p
set(35,20540,21100,250,180)p
set(35,20540,15500,250,180)
set(54,20540,15500,250,180)pr
set(35,20540,9900,250,180)p
fix(61,20540,11700,-2000,0)s
set(36,20540,4300,250,180)p
set(37,20540,-250,250,90)pt
chk(62,22290,-250,250,90)
set(37,24040,-250,250,180)pt
set(40,24040,4300,250,0)p
set(30,24040,9900,250,0)p
set(49,24040,14800,250,0)pr
set(30,24040,19770,250,180)
set(49,24040,19128,250,180)pr
set(30,24040,25370,250,0)p
chk(60,24040,28170,250,0)
set(33,22520,31000,250,30)p
set(34,21000,35550,250,0)pt
chk(60,22750,35550,250,90)
set(34,24500,35550,250,-90)pt
set(33,26020,31000,250,30)p
set(40,27540,25370,250,0)p
set(35,27540,19770,250,0)p
set(35,27540,14170,250,0)
set(55,27540,14170,250,180)pr
set(36,27540,8570,250,0)p
set(35,27540,2970,250,0)
chk(62,27540,2970,250,0)
set(41,27540,-2630,250,180)p
set(39,27540,-7180,250,180)p
set(38,22990,-7180,250,90)p
set(38,17390,-7180,250,90)p
set(38,11790,-7180,250,90)p
set(56,10690,-8990,250,180)ph
set(38,6190,-7180,250,90)p
set(38,590,-7180,250,90)
chk(60,590,-7180,250,90)
set(38,-5010,-7180,250,90)p
set(39,-9560,-7180,250,90)p
set(38,-9560,-2630,250,0)p
set(38,-9560,1920,250,0)p
set(38,-9560,6470,250,0)p
set(56,-7750,7600,250,-90)pr
set(38,-9560,12070,250,0)p
set(38,-9560,17670,250,0)p
set(56,-7750,18770,250,-90)pr
set(38,-9560,23270,250,0)p
set(38,-9560,28870,250,0)p
set(38,-9560,34470,250,0)
chk(60,-9560,34470,250,0)
set(39,-9560,39020,250,0)pt
set(38,-5010,39020,250,90)p
set(38,590,39020,250,90)p
set(56,1690,37210,250,180)ph
set(38,6190,39020,250,90)p
set(56,7290,37210,250,180)pr
set(38,11790,39020,250,90)p
set(38,17390,39020,250,90)p
set(38,22990,39020,250,90)p
set(38,28590,39020,250,90)
chk(60,28590,39020,250,90)
set(39,33140,39020,250,-90)pt
set(38,33140,34470,250,0)p
set(38,33140,28870,250,0)p
set(56,31330,27770,250,90)pr
set(38,33140,23270,250,0)p
set(38,33140,17670,250,0)p
set(56,31330,16570,250,90)pr
set(38,33140,12070,250,0)p
set(38,33140,6470,250,0)p
set(56,31330,5370,250,90)pr
set(38,33140,870,250,0)p
set(38,33140,-4730,250,0)p
set(38,33140,-10330,250,0)p
set(38,33140,-15930,250,0)
chk(60,33140,-15930,250,0)
set(39,33140,-20480,250,180)pt
set(42,30830,-20480,250,90)p
set(30,27470,-20480,250,90)p
set(30,21870,-20480,250,90)p
set(43,19070,-20480,250,-90)p
set(52,18000,-20180,250,90)

set(43,11900,-20480,250,90)p
set(30,9100,-20480,250,90)p
set(30,4550,-20480,250,90)p
set(34,0,-20480,250,90)pt
set(30,0,-15930,250,0)
chk(60,0,-15930,250,0)
set(43,0,-13130,250,180)
set(46,0,-13130,250,0)pr
set(44,0,-2800,250,180)p

maxl(14,-13000,-23000)
maxt(10,41800,-10600)
maxr(14,35000,-23000)
maxb(10,-25400,-10600)
