
snap(0,0,0)

sky(200,250,255)
fog(255,255,255)
ground(225,205,150)

fadefrom(13865)

name(Dragrace Of Death)

nlaps(1)

set(63,0,0,250,0)

maxr(63,1000,0)
maxl(63,-1000,0)
maxt(1,300001,0)
maxb(1,-1001,0)

chk(60,0,300000,250,0)

chk(60,0,-1000,250,0)
set(30,0,0,250,0)p
set(30,0,5000,250,0)p
set(30,0,10000,250,0)p
set(52,400,10000,250,0)
set(52,-400,10000,250,0)
set(30,0,15000,250,0)p
set(30,0,20000,250,0)p
set(53,0,20000,250,0)
set(30,0,25000,250,0)p
set(30,0,30000,250,0)p
set(30,0,35000,250,0)p
set(30,0,40000,250,0)p
set(49,0,40000,250,0)
set(30,0,45000,250,0)p
set(30,0,50000,250,0)p
set(30,0,55000,250,0)p
set(30,0,60000,250,0)p
set(30,0,65000,250,0)p
set(30,0,70000,250,0)p
set(30,0,75000,250,0)p
set(30,0,80000,250,0)p
set(30,0,85000,250,0)p
set(30,0,90000,250,0)p
set(68,400,95000,250,0)
set(68,-400,95000,250,0)
set(30,0,95000,250,0)
set(30,0,100000,250,0)
set(51,1000,100000,250,0)
set(51,-1000,100000,250,0)
set(51,1000,103500,250,180)
set(51,-1000,103500,250,180)
set(68,400,107000,250,0)
set(68,-400,107000,250,0)
set(30,0,105000,250,0)p
set(30,0,110000,250,0)p
set(30,0,115000,250,0)p
set(30,0,120000,250,0)p
set(30,0,125000,250,0)p
set(30,0,130000,250,0)p
set(30,0,135000,250,0)p
set(30,0,140000,250,0)p
set(30,0,145100,250,0)p
.set(30,0,150000,250,0)p
set(48,0,150000,250,0)
set(30,0,154900,250,0)p
set(30,0,160000,250,0)p
set(30,0,165000,250,0)p
set(30,0,170000,250,0)p
set(30,0,175000,250,0)p
set(30,0,180000,250,0)p
set(30,0,185000,250,0)p
set(30,0,190000,250,0)p
set(30,0,195000,250,0)p
set(30,0,200000,250,0)p
set(52,0,200000,250,180)
set(30,0,205000,250,0)p
set(30,0,210000,250,0)p
set(30,0,215000,250,0)p
set(30,0,220000,250,0)p
set(30,0,225000,250,0)p
set(30,0,230000,250,0)p
set(30,0,235000,250,0)p
set(30,0,240000,250,0)p
set(30,0,245000,250,0)p
set(30,0,250000,250,0)p
set(30,0,255000,250,0)p
set(30,0,260000,250,0)p
set(30,0,265000,250,0)p
set(30,0,270000,250,0)p
set(30,0,275000,250,0)p
set(30,0,280000,250,0)p
set(30,0,285000,250,0)p
set(30,0,290000,250,0)p
set(30,0,295000,250,0)p
set(30,0,300000,250,0)p
.set(60,0,300000,250,0)p
.set(52,0,200000,250,180)

