
snap(0,0,0)

sky(210,255,255)
fog(210,255,255)
ground(225,205,150)

fadefrom(13865)

name(Warhead's Revenge)

nlaps(20)

maxl(16,-16000,-18000)
maxt(13,56400,-13600)
maxr(16,46400,-18000)
maxb(13,-20400,-13600)

set(35,0,0,250,0)p
set(53,0,1100,250,0)
set(35,0,5600,250,0)p
set(35,0,11200,250,0)p
set(35,0,16800,250,0)p
chk(62,0,16800,250,0)
set(37,0,21000,250,-90)pt
set(35,-4500,21000,250,90)p
set(35,-10000,21000,250,90)p
chk(62,-10000,21000,250,90)
set(37,-14500,21000,250,90)pt
set(40,-14500,25500,250,0)po
set(30,-14500,30500,250,0)p
set(30,-14500,35500,250,0)p
set(65,-15000,34000,250,90)
set(65,-14000,34000,250,90)
set(51,-14500,35500,250,0)pr
fix(61,-14500,35500,250,180)s
set(30,-14500,40500,250,0)p
set(30,-14500,45500,250,0)p
set(30,-14500,50500,250,0)p
chk(60,-14500,50500,250,180)
set(34,-14500,54500,250,0)pt
set(41,-10500,54500,250,90)p
set(35,-5500,54500,250,90)p
set(55,-3000,54500,250,90)pr
set(35,0,54500,250,90)p




