
snap(0,0,0)

sky(0,0,0)
fog(0,0,0)
ground(100,100,100)

fadefrom(4000)

name(The Maze)

nlaps(5)


.set(30,0,0,250,0)
set(53,0,1600,250,0)
set(30,0,1400,250,0)
set(42,0,4750,250,180)p
chk(60,0,5400,250,0)
set(39,0,7000,250,0)pt
set(38,4500,7000,250,90)p
set(68,4500,7000,250,-1)
.set(68,4600,7000,250,45)
.set(68,4600,7000,250,-45)
set(38,10000,7000,250,90)p
set(38,15500,7000,250,90)p
set(38,17500,7000,250,90)p
set(42,20800,7000,250,-90)p
chk(60,21000,7000,250,90)
set(34,23000,7000,250,180)pt
set(30,23000,11500,250,0)p
set(30,23000,17100,250,0)p
set(51,23000,19100,250,0)ph
.set(57,24000,19100,250,0)
set(57,24300,19100,250,0)
.set(57,22000,19100,250,0)
set(57,21700,19100,250,0)
.fix(61,23000,28100,-3000,0)
.fix(61,23000,32100,-5250,0)
.fix(61,23000,36100,-7850,0)
.fix(61,23000,40100,-10450,0)
.fix(61,23000,44100,-13050,0)s
set(30,23000,21500,250,0)p
set(30,23000,27000,250,0)p
set(30,23000,32600,250,0)p
set(57,23000,30000,250,0)
set(57,23300,30000,250,0)
set(57,24000,30000,250,0)
set(57,24300,30000,250,0)
set(57,22000,30000,250,0)
set(57,21700,30000,250,0)
set(57,22300,30000,250,0)
set(30,23000,37000,250,0)p
set(30,23000,42600,250,0)p
set(40,23000,48200,250,180)p
.set(58,22500,45600,250,0)
.set(58,22500,45900,250,0)
.set(58,22500,46200,250,0)
.set(58,22500,46500,250,0)
.set(58,23500,45600,250,0)
.set(58,23500,45900,250,0)
.set(58,23500,46200,250,0)
.set(58,23500,46500,250,0)
.chk(62,23000,50000,250,0)
set(36,23000,53790,250,180)p
chk(62,23000,56590,250,0)
set(37,23000,58330,250,-90)pt
set(40,18460,58330,250,90)p
set(30,13000,58330,250,90)p
set(33,7360,56820,250,-60)p
set(34,2770,55309,250,0)pt
chk(60,2770,53809,250,0)
set(34,2770,52309,250,90)pt
set(32,7360,50798,250,60)p
chk(60,10208,49300,250,90)
set(33,13048,50798,250,-60)p
set(34,17640,52309,250,-90)pt
chk(60,17640,50809,250,0)
set(34,17640,49309,250,180)pt
set(42,15640,49309,250,-90)p
set(57,15640,48209,250,0)
set(39,13640,49309,250,0)pt
chk(60,13640,47809,250,0)
set(39,13640,46309,250,90)pt
set(42,15640,46309,250,-90)p
set(34,17640,46309,250,-90)pt
chk(60,17640,44809,250,0)
set(34,17640,43309,250,180)pt
.set(57,18440,42909,250,0)
set(30,13140,43309,250,90)p
set(30,7640,43309,250,90)p
set(30,2140,43309,250,90)p
set(30,-3040,43309,250,90)p
set(34,-7000,43309,250,0)pt
chk(60,-7000,41109,250,0)
set(42,-7000,41109,250,0)p
set(39,-7000,38909,250,90)pt
set(38,-3040,38909,250,90)p
set(38,2140,38909,250,90)p
set(51,2140,38909,250,-89)ph
set(38,7640,38909,250,90)p
set(38,13140,38909,250,90)p
set(39,17640,38909,250,-90)pt
chk(60,17640,37409,250,1)
set(39,17640,35909,250,180)pt
set(57,18440,35909,250,0)
set(38,13140,35909,250,90)p
set(38,7640,35909,250,90)p
set(38,2140,35909,250,90)p
set(38,-3040,35909,250,90)p
set(39,-7000,35909,250,0)pt
set(42,-7000,33609,250,180)
chk(58,-7000,33109,250,0)
set(30,-7000,30300,250,0)p
set(30,-7000,28000,250,0)p
set(30,-7000,22400,250,0)p
set(30,-7000,16800,250,0)p
set(52,-7000,16800,250,180)pr
set(30,-7000,11200,250,0)p
set(30,-7000,5600,250,0)p
set(30,-7000,0,250,0)p
set(30,-7000,-5600,250,0)pt
chk(30,-7000,-9800,250,0)


.maxb(1,-1000,0)
maxt(5,8000,0)
maxr(4,1000,-10800)
maxl(4,-1000,-7600)

maxb(5,6000,3400)

maxr(12,24400,8000)
maxl(10,21600,10400)
maxr(10,19600,10400)

maxt(8,60000,-10000)
maxl(3,1500,50000)

maxb(3,47809,1000)
maxt(3,45809,1000)
.maxb(1,47809,23750)

maxb(5,42000,-2000)
maxt(5,40000,-2000)

maxb(1,34000,-2800)
maxb(5,34000,-2000)

maxl(16,-8000,-12000)
maxr(9,-6000,-7600)

maxb(3,-10800,-8000)
set(64,-4200,-10200,250,90)p
set(64,-2800,-10200,250,90)p

chk(30,0,-9800,250,0)
set(30,0,-4200,250,0)pt