snap(0,11,-14)

sky(230,255,217)
fog(255,249,223) 
ground(224,213,207)

fadefrom(5000)

name(Grapefruit Power)
nlaps(1)

set(35,0,0,250,0)p
set(35,0,5600,250,180)p
set(35,0,11200,250,180)p
set(55,0,11200,250,0)pr
set(35,0,16800,250,0)p
set(35,0,22400,250,180)p
set(55,0,20000,250,180)pr
set(35,0,28000,250,0)p
set(55,0,29000,250,0)pr
set(35,0,33600,250,0)p
set(35,0,39200,250,0)p
chk(62,0,42000,250,0)
set(37,0,43750,250,0)pt
set(35,4550,43750,250,90)p
set(36,10150,43750,250,-90)p
set(35,15750,43750,250,90)p
set(54,15750,43750,250,90)pr
set(35,21350,43750,250,-90)p
set(35,26950,43750,250,90)p
set(35,32550,43750,250,-90)p
set(37,37100,43750,250,180)pt
set(37,37100,47250,250,-90)pt
chk(62,35350,47250,250,90)
set(35,32550,47250,250,90)p
set(35,26950,47250,250,90)p
set(55,26950,47050,250,90)pr
set(55,24000,47450,250,-90)pr
set(35,21350,47250,250,90)p
set(35,15750,47250,250,-90)p
set(35,10150,47250,250,90)p
set(36,4550,47250,250,-90)p
set(36,-1050,47250,250,90)p
set(35,-6650,47250,250,-90)p
set(35,-12250,47250,250,90)p
set(35,-17850,47250,250,-90)p
set(35,-23450,47250,250,90)p
set(36,-29050,47250,250,90)p

set(53,-8000,47250,250,90)
set(53,-13000,47250,250,90)
set(53,-18000,47250,250,90)
set(53,-23000,47250,250,90)

set(37,-33600,47250,250,0)pt
chk(62,-33600,45500,250,0)
set(37,-33600,43750,250,90)pt
set(35,-29050,43750,250,90)p
set(35,-23450,43750,250,90)p
set(54,-23450,43750,250,90)pr
set(35,-17850,43750,250,90)p
set(35,-12250,43750,250,90)p
set(37,-7700,43750,250,-90)pt
chk(62,-7700,42000,250,0)
set(35,-7700,39200,250,0)p
set(40,-7700,33600,250,180)p
set(30,-7700,28000,250,0)p
set(50,-7700,21891,250,180)p
fix(61,-7700,19500,-600,0)

set(43,-7700,20211,250,0)p
set(43,-7700,14000,250,180)p
set(30,-7700,11200,250,180)p
set(30,-7700,5600,250,0)p
set(34,-7700,1050,250,180)pt
chk(60,-9450,1050,250,90)
set(40,-12250,1050,250,-90)p
set(37,-16800,1050,250,90)pt
set(35,-16800,5600,250,0)p
set(35,-16800,11200,250,0)p
set(35,-16800,16800,250,0)p
set(35,-16800,22400,250,0)p
set(35,-16800,28000,250,0)p

set(55,-16400,11200,250,0)
set(55,-17200,16200,250,180)
set(55,-16300,22200,250,180)
set(55,-17300,22200,250,0)

set(37,-16800,32550,250,-90)pt
set(37,-20300,32550,250,0)pt
set(35,-20300,28000,250,0)p
set(35,-20300,22400,250,0)
chk(62,-20300,22400,250,0)
set(35,-20300,16800,250,0)p
set(35,-20300,11200,250,0)p
set(35,-20300,5600,250,0)p
set(35,-20300,0,250,0)p
set(37,-20300,-4550,250,90)pt
set(35,-15750,-4550,250,-90)p
set(35,-10150,-4550,250,-90)p
set(54,-10150,-4550,250,-90)
set(35,-4550,-4550,250,-90)p
chk(62,0,-2800,250,0)
set(37,0,-4550,250,180)

set(43,10000,2800,250,0)
set(30,10000,5600,250,0)p
set(30,10000,11200,250,0)p
set(30,10000,16800,250,180)p
set(46,10000,20200,250,0)pr
fix(61,10000,24000,-1400,0)s
set(43,10000,27200,250,0)p
set(30,10000,30000,250,0)
set(43,10000,32800,250,180)p


set(43,25000,2800,250,0)
set(30,25000,5600,250,0)
set(30,25000,11200,250,180)
set(30,25000,16800,250,0)
set(48,25000,21764,250,0)
set(30,25000,26728,250,0)
set(30,25000,32328,250,0)
set(43,25000,35128,250,180)


maxr(12,40000,-5000)
maxb(16,-7400,-34400)
maxl(12,-36800,-5000)
maxt(16,50200,-34400)
