
snap(-25,-25,25)

sky(150,145,255)
fog(255,150,0)
ground(100,100,100)

fadefrom(13865)

name(Madness In The Sky)

nlaps(1)

.maxr(2,800,0)
.maxl(2,-800,0)

set(30,0,0,250,0)p
set(30,0,5600,250,0)p
set(46,0,5600,250,0)p
set(46,0,6600,-250,0)pr
set(30,0,11000,-1250,0)p
set(30,1400,11000,-1250,0)
set(30,-1400,11000,-1250,0)
set(30,0,14000,-1250,0)p
set(30,1400,14000,-1250,0)
set(30,-1400,14000,-1250,0)
.chk(60,0,16000,-1250,1)
set(30,0,19000,-1250,0)p
set(30,1400,19000,-1250,0)
set(30,-1400,19000,-1250,0)
.set(30,-800,19000,-1250,0)
chk(60,0,22000,-1250,0)
set(42,0,22000,-1000,90)
set(42,0,22000,-750,90)
set(42,0,22000,-500,90)
set(42,0,22000,-250,90)
set(42,0,22000,0,90)
set(51,0,25000,-1250,0)pr
set(30,0,24000,-1250,0)
set(51,0,35000,-4250,0)pr
set(50,2000,35000,-4250,0)
set(48,-2000,35000,-4250,0)
set(30,0,32000,-4250,0)
set(30,2000,32000,-4250,0)
set(30,-2000,32000,-4250,0)

set(51,0,30000,250,0)pr
set(51,0,35000,-1500,0)pr

.set(58,0,-38000,-4000,0)
.set(58,0,-38300,-4000,0)
.set(58,0,-38600,-4000,0)
.set(58,0,-38900,-4000,0)
.set(58,0,-39200,-4000,0)
.set(58,0,-39500,-4000,0)
.set(58,0,-39800,-4000,0)
.set(58,0,-40100,-4000,0)

fix(61,0,53750,-5000,90)
fix(61,0,53750,-5000,0)

.set(57,2000,44000,-5000,0)
.set(57,2100,45000,-5000,0)
.set(57,2000,46000,-5000,0)
.set(57,1900,47000,-5000,0)
.set(57,2000,48000,-5000,0)

set(48,-2000,45000,-5000,0)
set(30,-2000,40000,-5000,0)
set(50,2000,41000,-5000,0)
set(30,2000,40000,-5000,0)
set(50,2000,46000,-5000,180)
.set(30,2000,45000,-5000,0)
set(30,-2000,45000,-5000,0)p
set(32,-500,50500,-5000,-30)p
set(33,500,50500,-5000,30)p
set(32,-500,55500,-5000,-30)p
set(33,500,55500,-5000,30)p
set(30,0,60000,-5000,0)
chk(60,0,60000,-5000,0)
set(34,0,64000,-5000,0)pt
set(34,0,64000,-5000,0)
set(40,4000,64000,-5000,90)
set(55,11600,64000,-5000,90)pr
set(35,9600,64000,-5000,90)p
set(44,12400,64000,-5000,-90)
set(50,21600,64000,-4500,90)p
fix(61,16600,64000,-6500,90)s
set(50,21600,63000,-4500,90)
set(50,21600,65000,-4500,90)
set(30,26600,64000,-4500,90)p
set(30,26600,65000,-4500,90)
set(30,26600,63000,-4500,90)
set(42,26600,61300,-11500,90)
set(42,26600,61300,-11250,90)
set(42,26600,61300,-11000,90)
set(42,26600,61300,-10750,90)
set(42,26600,61300,-10500,90)
set(42,26600,61300,-10250,90)
set(42,26600,61300,-10000,90)
set(42,26600,61300,-9750,90)
set(42,26600,61300,-9500,90)
set(42,26600,61300,-9250,90)
set(42,26600,61300,-9000,90)
set(42,26600,61300,-8750,90)
set(42,26600,61300,-8500,90)
set(42,26600,61300,-8250,90)
set(42,26600,61300,-8000,90)
set(42,26600,61300,-7750,90)
set(42,26600,61300,-7500,90)
set(42,26600,61300,-7250,90)
set(42,26600,61300,-7000,90)
set(42,26600,61300,-6750,90)
set(42,26600,61300,-6500,90)
set(42,26600,61300,-6250,90)
set(42,26600,61300,-6000,90)
set(42,26600,61300,-5750,90)
set(42,26600,61300,-5500,90)
set(42,26600,61300,-5250,90)
set(42,26600,61300,-5000,90)
set(42,26600,61300,-4750,90)
set(42,26600,61300,-4500,90)
set(42,26600,61300,-4250,90)
set(42,26600,61300,-4000,90)
set(42,26600,61300,-3750,90)
set(42,26600,61300,-3500,90)
set(42,26600,61300,-3250,90)
set(42,26600,61300,-3000,90)
set(42,26600,61300,-2750,90)
set(42,26600,61300,-2500,90)
set(42,26600,61300,-2250,90)
set(42,26600,61300,-2000,90)
set(42,26600,61300,-1750,90)
set(42,26600,61300,-1500,90)
set(42,26600,61300,-1250,90)
set(42,26600,61300,-1000,90)
set(42,26600,61300,-750,90)
set(42,26600,61300,-500,90)
set(42,26600,61300,-250,90)
set(42,26600,61300,0,90)
set(51,32700,64000,-4500,-90)pr
set(30,38600,64000,-4500,90)p
set(30,43600,64000,-4500,90)p
set(49,49200,64000,-4500,-90)pr
set(30,49200,64000,-4500,90)p

chk(60,55900,64000,-6050,90)
set(38,55900,64000,-6250,-90)p
set(68,60700,63000,-6250,0)
set(68,60700,58000,-6250,0)
set(39,59900,64000,-6250,-90)pt
set(38,59900,60000,-6250,0)p
set(39,59900,56000,-6250,180)pt
set(42,57900,56000,-6250,90)p
set(53,51600,56000,-6250,90)p
set(30,54600,56000,-6250,90)p
set(46,49000,56000,-6250,90)p
.set(30,49000,56000,-7250,90)p
set(47,44000,56000,-6500,90)p
.set(30,44000,56000,-8250,90)p
set(49,39600,55500,-6750,-90)p
set(49,39600,56500,-6750,90)p
.set(30,39600,56000,-9250,90)p
set(51,34600,56000,-7750,90)p
chk(60,29600,56000,-10750,90)
set(52,26600,56000,-10000,-90)
set(30,26600,56000,-10000,90)
set(30,24600,56000,-10000,90)p
set(30,19600,56000,-10000,90)p
set(30,14600,56000,-10000,90)p
set(30,24600,54500,-10000,90)
set(30,19600,54500,-10000,90)
set(30,14600,54500,-10000,90)
set(30,24600,57500,-10000,90)
set(30,19600,57500,-10000,90)
set(30,14600,57500,-10000,90)
set(40,9600,56000,-10000,-90)p
set(36,4600,56000,-10000,90)p
set(36,-1000,56000,-10000,90)p
set(36,-6600,56000,-10000,90)p
chk(62,-6600,56000,-10000,90)
set(37,-11000,56000,-10000,0)pt
set(40,-11000,51500,-10000,180)p
set(32,-11000,51500,-10000,180)
set(33,-11000,51500,-10000,180)
.set(32,-11000,51500,250,180)
.set(33,-11000,51500,250,180)

set(30,-10000,42500,-8000,0)p
set(68,-9230,42500,-8000,0)
set(68,-10770,42500,-8000,0)
set(48,-10000,36500,-8000,180)p
set(30,-10000,38500,-8000,0)p

set(30,-11000,30500,-8000,0)p
set(51,-11000,24500,-8000,180)p
set(30,-11000,26500,-8000,0)p

fix(61,-10000,13500,-12000,0)

set(30,-9000,12500,-10000,0)p
set(47,-9000,8000,-10000,180)p
set(30,-9000,7000,-10000,0)p

set(35,-9000,-1500,-12000,0)p
set(54,-9000,-8500,-12000,0)p
set(35,-9000,-6500,-12000,180)p

chk(60,-9000,-15000,-13600,0)
fix(61,-9000,-15000,-14000,0)

.maxb(1,-20000,-9000)
set(30,-7600,-18000,-5000,0)
set(30,-9000,-18000,-5000,0)
set(30,-10400,-18000,-5000,0)
set(32,-9000,-18000,-5000,0)
set(33,-9000,-18000,-5000,0)
.set(32,-9000,-18000,250,0)
.set(33,-9000,-18000,250,0)
set(42,-9000,-22000,-5000,0)p
set(39,-9000,-24000,-5000,90)pt
set(38,-4500,-24000,-5000,90)p
set(41,1000,-24000,-4750,90)p

set(35,6600,-24000,-4500,90)p

set(37,10600,-24000,-4250,180)pt
chk(35,10600,-20000,-4000,0)
set(37,10600,-16000,-3750,-90)pt
chk(35,6600,-16000,-3500,90)
set(37,2600,-16000,-3250,0)pt
chk(35,2600,-20000,-3000,0)
set(37,2600,-24000,-2750,90)pt
chk(35,6600,-24000,-2500,90)
set(37,10600,-24000,-2250,180)pt
chk(35,10600,-20000,-2000,0)
set(37,10600,-16000,-1750,-90)pt
chk(35,6600,-16000,-1500,90)
set(37,2600,-16000,-1250,0)pt
chk(35,2600,-20000,-1000,0)
set(37,2600,-24000,-750,90)pt
chk(35,6600,-24000,-500,90)
set(37,10600,-24000,-250,180)pt
chk(35,10600,-20000,0,0)
set(41,10600,-14600,250,0)p
chk(60,10200,-11000,250,45)
set(39,10600,-10600,250,-90)pt
set(42,8500,-10600,250,90)p
set(30,5200,-10600,250,90)p
chk(57,6200,-10800,250,90)
chk(57,5700,-10400,250,90)
chk(57,5200,-10800,250,90)
chk(57,4700,-10400,250,90)
chk(57,4200,-10800,250,90)
set(30,4200,-10600,250,90)p
set(34,0,-10600,250,90)pt
chk(30,0,-5600,250,0)
set(30,0,-6600,250,0)p






