
snap(0,0,0)

sky(170,225,255)
fog(210,255,255)
ground(225,205,150)
.sky(230,245,245)
.fog(240,255,255)
.ground(235,235,190)

fadefrom(13865)

name(The Criss Cross Crash V2)

nlaps(3)

set(66,15600,40600,-10000,90)
set(66,-40000,0,-10000,180)
set(66,50000,-30000,-10000,0)
set(66,-5000,-60000,-10000,-33)
set(30,0,5600,250,0)p
set(30,0,11200,250,0)p
.set(45,770,0,250,0)
.set(45,770,5600,250,0)
.set(45,770,11200,250,0)
.set(45,-770,0,250,0)
.set(45,-770,5600,250,0)
.set(45,-770,11200,250,0)
set(50,0,12200,250,0)pr
set(50,0,18000,250,180)pr
set(30,0,20000,250,0)p
set(30,0,25600,250,0)p
chk(34,0,30000,250,0)pt
set(30,4100,30000,250,90)p
.set(45,4100,30000,250,90)
chk(34,8500,30000,250,-90)pt
set(32,6988,25410,250,-30)p
set(32,3768,20010,250,-35)p
set(50,2000,17500,250,145)pr
set(50,-2000,12700,250,-35)pr
set(32,-3768,10010,250,-35)p
set(32,-6988,4610,250,-30)p
chk(34,-8500,20,250,90)pt
set(30,-4500,20,250,90)p
set(52,-3500,20,250,-90)pr
set(30,0,20,250,90)p
set(52,3500,20,250,90)pr
set(30,4500,20,250,90)p
.set(45,-4500,20,250,90)
.set(45,-3500,20,250,90)
.set(45,3500,20,250,90)
.set(45,4500,20,250,90)
chk(34,8500,20,250,180)pt
set(33,6988,4610,250,30)p
set(33,3768,10010,250,35)p
set(50,2000,12700,250,35)pr
set(50,-2000,17500,250,-145)pr
set(33,-3768,20010,250,35)p
set(33,-6988,25410,250,30)p
chk(34,-8500,30000,250,-90)pt
set(42,-10500,30000,250,-90)p
set(56,-10500,31900,250,0)ph
set(39,-12500,30000,250,0)pt
set(38,-12500,26000,250,0)p
set(38,-12500,22500,250,0)p
set(38,-12500,19000,250,0)p
chk(39,-12500,15100,250,90)pt
set(42,-10500,15100,250,-90)p
set(30,-7500,15100,250,90)p
.set(45,-7500,15100,250,90)
set(50,-3200,15100,250,-90)pr
set(50,3200,15100,250,90)pr
set(30,7500,15100,250,90)p
.set(45,7500,15100,250,90)
set(42,10500,15100,250,90)p
chk(39,12500,15100,250,-90)pt
set(38,12500,11000,250,0)p
set(38,12500,5500,250,0)p
set(38,12500,0,250,0)p
set(38,12500,-5500,250,0)p
set(38,12500,-11000,250,0)p
chk(39,12500,-15000,250,180)pt
set(57,12000,-16000,250,0)
set(38,8500,-15000,250,-90)p
set(38,4500,-15000,250,90)p
set(46,2500,-15000,250,90)pr
set(38,0,-15000,250,90)p
set(46,-2500,-15000,250,-90)pr
set(38,-5000,-15000,250,90)p
set(38,-8000,-15000,250,90)p
chk(39,-12500,-15000,250,0)pt
set(56,-13400,-15000,250,90)ph
set(38,-12500,-19000,250,0)p
set(38,-12500,-24000,250,0)p
set(38,-12500,-26000,250,0)p
set(57,-11000,-28000,250,0)
set(57,-11000,-22000,250,0)
chk(39,-12500,-30000,250,90)pt
chk(39,-9500,-30000,250,180)pt
set(38,-9500,-25600,250,0)p
set(57,-8000,-30000,250,0)
set(57,-8000,-28000,250,0)
set(57,-8000,-22000,250,0)
set(57,-8000,-17000,250,90)
set(57,-9500,-25000,-185,0)
set(48,-9500,-25000,250,0)pr
set(38,-9500,-23000,250,0)p
chk(39,-9500,-19000,250,0)pt
chk(39,-6500,-19000,250,-90)pt
set(57,-5000,-28000,250,0)
set(57,-5000,-25000,250,0)
set(57,-5000,-21000,250,0)
set(57,-5000,-17000,250,90)
set(38,-6500,-23000,250,0)p
set(38,-6500,-24600,250,0)p
set(42,-6500,-27900,250,180)p
chk(34,-6500,-30000,250,90)pt
set(56,-6000,-31900,250,180)ph
set(30,-2000,-30000,250,90)p
set(30,2265,-30000,250,90)p
set(57,7907,-28488,250,-60)
set(33,7907,-28488,250,-60)p
set(57,10000,-25575,250,0)
chk(34,12500,-26975,250,180)pt
set(57,13500,-25575,250,90)
chk(34,12500,-24175,250,-90)pt
set(32,7907,-22662,250,60)p
set(57,7907,-22662,250,60)
chk(34,3317,-21152,250,0)pt
set(42,3317,-23252,250,0)p
set(42,3317,-24352,250,180)p
set(42,3317,-25452,250,0)p
set(57,1717,-25452,250,90)
.set(57,1717,-24252,250,90)
.set(57,1717,-23052,250,90)
chk(39,3317,-27552,250,180)pt
set(57,1717,-28752,250,0)
chk(39,0,-27552,250,90)pt
set(42,0,-25452,250,0)p
set(30,0,-22100,250,0)p
set(30,0,-19000,250,0)p
set(68,-770,-22100,250,0)
set(68,770,-22100,250,0)
set(68,770,-15000,250,0)
set(68,-770,-15000,250,0)
set(46,0,-17500,250,0)pr
set(46,0,-16500,250,180)
set(30,0,-14000,250,0)p
set(46,0,-12500,250,180)pr
set(46,0,-13500,250,0)
.set(42,0,-12800,250,0)p
set(30,0,-9500,250,0)p
set(30,0,-4300,250,0)p
set(51,0,-4000,250,0)pr
set(30,0,500,250,0)p
fix(68,0,15100,-300,0)
fix(68,0,15100,-300,-90)
