snap(0,0,0)

sky(150,255,255)
fog(255,255,255) 
ground(0,150,0)

fadefrom(13865)

name(The Fast & The Furious + The Radical V2)

nlaps(2)

set(31,0,0,250,0)

set(35,0,0,250,0)p
.set(53,0,-290,250,0)
set(35,0,5600,250,0)p
set(35,0,11200,250,0)
set(54,0,11200,250,180)pr
set(35,0,16800,250,0)p
set(41,0,22400,250,0)p
set(38,0,28000,250,0)p
set(42,0,31360,250,0)p
set(30,0,34720,250,180)p
set(46,0,40829,250,0)pr
set(30,0,40000,250,0)
.set(51,0,40829,250,0)pr
set(43,0,42509,250,180)p
set(43,0,47600,250,0)p
set(30,0,50400,250,180)p
set(30,0,56000,250,180)p
set(30,0,61600,250,180)p
set(30,0,67200,250,180)p
set(42,0,70560,250,180)


set(41,0,73920,250,180)p
set(35,0,79520,250,0)p
set(35,0,85120,250,0)
set(55,0,85120,250,180)pr
set(35,0,90720,250,0)p
set(41,0,96320,250,0)p
set(38,0,101920,250,0)p
set(42,0,105280,250,0)p
set(30,0,108640,250,180)p
set(51,0,114749,250,0)pr
set(43,0,116429,250,180)p
set(43,0,121520,250,0)p
set(30,0,124320,250,180)p
set(30,0,129920,250,180)p
set(30,0,135520,250,180)p
set(30,0,141120,250,180)p
set(42,0,144480,250,180)
chk(60,0,144770,250,0)
fix(61,0,144770,0,0)
set(39,0,146790,250,0)pt


set(38,4550,146790,250,90)p
set(41,10150,146790,250,90)p
set(35,15750,146790,250,90)
.set(55,15750,146790,250,90)pr
set(35,21350,146790,250,90)p
set(36,26950,146790,250,-90)p
set(40,32550,146790,250,-90)p
set(49,37514,146790,250,-90)p
set(30,42478,146790,250,-90)p
set(30,48078,146790,250,-90)p
set(30,53678,146790,250,90)p
set(30,59278,146790,250,90)


set(30,64880,146790,250,90)p
set(30,69430,146790,250,90)p
set(40,75030,146790,250,90)p
set(35,80630,146790,250,90)
set(55,80630,146790,250,90)pr
set(35,86230,146790,250,90)p
set(36,91830,146790,250,-90)p
set(40,97430,146790,250,-90)p
set(49,102394,146790,250,90)p
set(30,107358,146790,250,-90)p
set(30,112958,146790,250,-90)p
set(30,118558,146790,250,90)p
set(30,124158,146790,250,90)


chk(60,125908,146790,250,90)
fix(61,125908,146790,0,90)
set(34,128708,146790,250,-90)pt


set(30,128708,142240,250,0)p
set(48,128708,136131,250,180)pr
set(30,128708,137131,250,180)
.set(51,128708,136131,250,180)pr
set(43,128708,134451,250,0)
set(44,128708,127120,250,0)p
set(36,128708,124320,250,180)p
set(35,128708,118720,250,0)p
set(35,128708,113120,250,0)p
.set(53,128708,119720,250,0)
.set(53,128708,116720,250,0)
set(35,128708,107520,250,0)p
set(35,128708,101920,250,0)p
set(35,128708,96320,250,0)
set(54,128708,96320,250,0)pr
set(35,128708,90720,250,0)p
fix(61,128708,90720,-2500,0)
set(57,128708,90720,-2250,0)
set(35,128708,85120,250,0)p
set(36,128708,79520,250,0)p
set(40,128708,73920,250,180)


set(30,128708,68320,250,0)p
set(51,128708,62211,250,180)pr
set(43,128708,60531,250,0)
set(44,128708,53200,250,0)p
set(36,128708,50400,250,180)p
set(36,128708,44800,250,0)p
set(35,128708,39200,250,180)p
set(53,128708,45800,250,0)
set(53,128708,42800,250,0)
set(35,128708,33600,250,0)p
set(35,128708,28000,250,0)p
set(35,128708,22400,250,0)p
.set(53,128708,22400,250,0)pr
set(35,128708,16800,250,0)p
.fix(61,128708,16800,-2000,0)
set(35,128708,11200,250,0)p
set(36,128708,5600,250,0)p
set(35,128708,0,250,0)

chk(62,128708,0,250,0)
fix(61,128708,0,0,0)
set(37,128708,-4450,250,180)pt


set(40,124158,-4450,250,90)p
set(30,118558,-4450,250,90)p
set(48,113594,-4450,250,90)pr
.set(45,113594,-4450,250,-45)
.set(45,113594,-4450,250,45)
set(30,108630,-4450,250,90)p
set(30,103030,-4450,250,-90)p
set(30,97430,-4450,250,-90)p
set(50,91321,-4450,250,90)pr
set(43,89641,-4450,250,-90)p
set(43,83430,-4450,250,90)p
set(30,80630,-4450,250,-90)p
set(40,75030,-4450,250,-90)p
set(35,69430,-4450,250,90)p
set(35,64880,-4450,250,90)p


set(40,59278,-4450,250,90)p
set(30,53678,-4450,250,90)p
set(49,48714,-4950,250,90)
set(49,48714,-3950,250,-90)
.set(49,48714,-4450,250,90)pr
.set(49,48714,-4450,250,-90)pr
set(30,43750,-4450,250,90)p
set(30,38150,-4450,250,-90)p
set(30,32550,-4450,250,-90)p
set(50,26441,-4450,250,90)pr
.set(30,27441,-4450,90)
set(43,24761,-4450,250,-90)p
set(43,18550,-4450,250,90)p
set(30,15750,-4450,250,-90)p
set(40,10150,-4450,250,-90)p
set(35,4550,-4450,250,90)p

chk(62,1750,-4450,250,90)
fix(61,1750,-4450,0,90)
set(37,0,-4450,250,90)pt
