
snap(10,20,-40)

sky(204,241,255)
fog(225,255,225)
ground(211,205,205)

fadefrom(6000)

name(When In Danger Just Chill Out)

nlaps(3)

set(30,0,0,250,0)p

set(30,0,5600,250,0)p
set(30,0,11200,250,0)p
set(47,0,12200,250,0)pr
set(69,0,16800,250,0)p
set(69,0,22400,250,0)p
chk(60,0,25300,250,0)
set(34,0,26950,250,0)pt
set(30,4550,26950,250,90)p
set(34,9100,26950,250,180)pt
chk(60,9100,28700,250,0)
set(34,9100,30450,250,-90)pt
set(30,4550,30450,250,90)p
set(43,-3850,30450,250,90)p
set(49,-414,30450,250,90)pr
set(30,-6650,30450,250,90)p
set(69,-12250,30450,250,90)p
set(34,-16800,30450,250,0)pt
chk(60,-16800,28700,250,0)
set(34,-16800,26950,250,90)pt
set(30,-12250,26950,250,-90)p
set(34,-7700,26950,250,-90)pt
set(69,-7700,22400,250,0)p
set(30,-7700,16800,250,0)
set(46,-7700,18800,250,180)pr
fix(61,-7700,13900,-1500,0)s
set(30,-7700,11200,250,0)p

set(57,-7400,15000,250,90)
set(57,-8000,14000,250,90)
set(57,-7400,13000,250,90)
set(57,-7700,11000,250,0)

set(40,-7700,5600,250,0)p
set(37,-7700,1050,250,180)pt
chk(62,-9450,1050,250,90)
set(37,-11200,1050,250,90)pt
set(35,-11200,5600,250,0)
set(54,-11200,6700,250,0)pr
set(35,-11200,11200,250,0)p
set(36,-11200,16800,250,0)p
set(37,-11200,21350,250,-90)pt
chk(62,-12950,21350,250,90)
set(37,-14700,21350,250,0)pt
set(36,-14700,16800,250,0)p
set(35,-14700,11200,250,0)
set(54,-14700,11200,250,0)pr
set(35,-14700,5600,250,0)p
set(40,-14700,0,250,180)p
set(34,-14700,-4550,250,90)pt
set(30,-10150,-4550,250,90)p
chk(60,-7350,-4550,250,90)
set(30,-4550,-4550,250,90)p
set(34,0,-4550,250,180)pt

maxr(9,12000,-5000)
maxb(7,-7400,-19200)
maxt(7,35800,-19200)
maxl(9,-21600,-5000)
