

snap(-40,-60,50)
//snap(-33,-50,75)

sky(255,220,220)
fog(217,250,255) 
ground(205,213,226)

fadefrom(7000)

name(The Fast & The Furious + The Radical)

nlaps(3)

set(35,0,0,250,0)p
set(35,0,5600,250,0)p
set(35,0,11200,250,0)
set(54,0,11200,250,180)pr
set(35,0,16800,250,0)p
set(41,0,22400,250,0)p
set(38,0,28000,250,0)p
set(42,0,31360,250,0)p
set(30,0,34720,250,180)p
set(51,0,40829,250,0)pr
set(43,0,42509,250,180)p
set(43,0,47600,250,0)p
set(30,0,50400,250,180)p
set(30,0,56000,250,180)p
set(30,0,61600,250,180)p
set(30,0,67200,250,180)p
set(42,0,70560,250,0)
chk(60,0,70850,250,0)
set(39,0,72870,250,0)pt
set(38,4550,72870,250,90)p
set(41,10150,72870,250,90)p
set(35,15750,72870,250,90)
set(55,15750,72870,250,90)pr
set(35,21350,72870,250,90)p
set(36,26950,72870,250,-90)p
set(40,32550,72870,250,-90)p
set(49,37514,72870,250,-90)p
set(30,42478,72870,250,-90)p
set(30,48078,72870,250,-90)p
set(30,53678,72870,250,90)p
set(30,59278,72870,250,90)
chk(60,61028,72870,250,90)
set(34,63828,72870,250,-90)pt
set(30,63828,68320,250,0)p
set(51,63828,62211,250,180)pr
set(43,63828,60531,250,0)

set(44,63828,53200,250,0)p
set(36,63828,50400,250,180)p
set(35,63828,44800,250,0)p
set(35,63828,39200,250,0)p
set(53,63828,45800,250,0)
set(53,63828,42800,250,0)

set(35,63828,33600,250,0)p
set(35,63828,28000,250,0)p
set(35,63828,22400,250,0)
set(54,63828,22400,250,0)pr
set(35,63828,16800,250,0)p
fix(61,63828,16800,-2000,0)
set(35,63828,11200,250,0)p
set(36,63828,5600,250,0)p
set(35,63828,0,250,0)
chk(62,63828,0,250,0)
set(37,63828,-4450,250,180)pt
set(40,59278,-4450,250,90)p
set(30,53678,-4450,250,90)p
set(48,48714,-4450,250,90)pr
set(30,43750,-4450,250,90)p
set(30,38150,-4450,250,-90)p
set(30,32550,-4450,250,-90)p
set(50,26441,-4450,250,90)pr
set(43,24761,-4450,250,-90)p

set(43,18550,-4450,250,90)p
set(30,15750,-4450,250,-90)p
set(40,10150,-4450,250,-90)p
set(35,4550,-4450,250,90)p
chk(62,1750,-4450,250,90)
set(37,0,-4450,250,90)pt

maxl(18,-5000,-6500)
maxt(16,77500,-2600)
maxr(18,71800,-6500)
maxb(16,-8900,-2600)

